0                                # NRSUFS
7                                # NRDOMAIN
28
 -1.000000 -1.000000 -1.000000
 -1.000000 -1.000000  0.000000
  0.000000 -1.000000 -1.000000
 -1.000000  0.000000 -1.000000
  0.000000 -1.000000  0.000000
 -1.000000  0.000000  0.000000
  0.000000  0.000000 -1.000000
  0.000000  0.000000  0.000000
  1.000000 -1.000000 -1.000000
  1.000000 -1.000000  0.000000
  1.000000  0.000000 -1.000000
  1.000000  0.000000  0.000000
  0.000000  1.000000 -1.000000
  0.000000  1.000000  0.000000
  1.000000  1.000000 -1.000000
  1.000000  1.000000  0.000000
 -1.000000  1.000000 -1.000000
 -1.000000  1.000000  0.000000
 -1.000000 -1.000000  1.000000
  0.000000 -1.000000  1.000000
 -1.000000  0.000000  1.000000
  0.000000  0.000000  1.000000
  1.000000 -1.000000  1.000000
  1.000000  0.000000  1.000000
 -1.000000  1.000000  1.000000
  0.000000  1.000000  1.000000
 -0.500000  0.500000 -0.500000
 -0.500000 -0.500000  0.500000
54
   1          2        4        8        6
   4         27       14        8        6
   1          3        2        1        7
   1          3        5        2        7
   1          1        2        4        7
   4         27        8       14       13
   7         18       26       14        6
   7         18       25       26        6
   7         26       25       21        6
   7          6       22       26       14
   1          8        7        4        2
   1          8        7        2        5
   7          6       22       14        8
   6         24       23       12       20
   6         12       23       10       20
   7          6       22       21       26
   2          5       12        8        7
   6         24       12        8       20
   2          9        5        3       11
   2          9       10        5       11
   6         12       10        5       20
   2          3        5        7       11
   6          8        5       20       12
   6         24       22       20        8
   4         27       14       18       13
   2         12       11        7        5
   2         12       11        5       10
   3         12       16        8       15
   3          7       15       12        8
   3          7       12       15       11
   3         13       16        8       14
   3         13       16       15        8
   3         13        7        8       15
   5         28        8        6        2
   4         17        7        4       27
   4         17       13        7       27
   4          4        8        6       27
   4          7        8        4       27
   4          6       17        4       27
   5         28        6        8       22
   5         28        6       21        2
   4         13        8        7       27
   5         28       21        6       22
   5         28       21       19        2
   5         28       19       21       22
   4         27       17       18        6
   4         27       18       17       13
   5          5       19        2       28
   5          5       20       19       28
   5          5        2        8       28
   5          8       20        5       28
   5         20        8       22       28
   5         20       22       19       28
   4         27       18       14        6
0

