7                 # NRSURFS
'VecPt'           # cube face 1
0.d0 0.d0 -0.5d0  # point  on face 1
0.d0 0.d0 -1.d0   # normal of face 1
'VecPt'           # cube face 2
-0.5d0 0.d0 0.d0  # point  on face 2
-1.d0 0.d0 0.d0   # normal of face 2
'VecPt'           # cube face 3
0.d0 0.5d0 0.d0   # point  on face 3
0.d0 1.d0 0.d0    # normal of face 3
'VecPt'           # cube face 4
0.5d0 0.d0 0.d0   # point  on face 4
1.d0 0.d0 0.d0    # normal of face 4
'VecPt'           # cube face 5
0.d0 0.d0 0.5d0   # point  on face 5
0.d0 0.d0 1.d0    # normal of face 5
'VecPt'           # cube face 6
0.d0 -0.5d0 0.d0  # point  on face 6
0.d0 -1.d0 0.d0   # normal of face 6
'Sphere'          # material interface
0.d0 0.d0 0.d0    # sphere center
0.25d0            # sphere radius
2                 # NRDOMAIN
309
 -0.500000 -0.500000 -0.500000
 -0.500000 -0.500000  0.500000
  0.500000 -0.500000 -0.500000
 -0.500000  0.500000 -0.500000
  0.500000 -0.500000  0.500000
 -0.500000  0.500000  0.500000
  0.500000  0.500000 -0.500000
  0.500000  0.500000  0.500000
 -0.500000 -0.126050 -0.500000
 -0.500000  0.182148 -0.500000
  0.500000  0.500000  0.181503
  0.500000  0.500000 -0.108564
 -0.005891  0.500000  0.500000
  0.500000  0.191802 -0.500000
  0.500000 -0.116396 -0.500000
 -0.500000  0.191802  0.500000
 -0.500000 -0.116396  0.500000
  0.500000 -0.500000  0.189725
  0.500000 -0.500000 -0.120551
  0.039433 -0.500000  0.500000
  0.500000  0.155359  0.500000
  0.500000 -0.155359  0.500000
 -0.000801  0.500000 -0.500000
 -0.000801 -0.500000 -0.500000
 -0.500000  0.500000  0.068099
 -0.500000 -0.500000 -0.135970
 -0.500000 -0.500000  0.175458
  0.030863  0.135802  0.207618
  0.029279  0.194994  0.153688
 -0.000327  0.019907 -0.500000
 -0.500000  0.168370 -0.170732
 -0.500000  0.110610  0.175529
 -0.500000 -0.155684  0.015355
  0.217941  0.500000 -0.109491
 -0.112427  0.500000 -0.085801
 -0.178035  0.500000  0.255661
  0.130786  0.500000  0.194858
  0.500000  0.218011  0.091766
  0.500000  0.265845 -0.226642
  0.500000 -0.007912 -0.171443
  0.500000 -0.080969  0.169071
 -0.224099  0.036848  0.500000
  0.220350  0.022052  0.500000
  0.178943 -0.253713  0.500000
  0.163020  0.265437  0.500000
 -0.156136  0.277469  0.500000
  0.013171 -0.076277  0.500000
 -0.158517 -0.259689  0.500000
  0.005551  0.115799  0.500000
  0.187096 -0.500000 -0.054010
 -0.184446 -0.500000  0.109224
 -0.041190  0.166810  0.181598
  0.105037  0.154254  0.166352
  0.096328  0.207613  0.100588
  0.021143  0.236484  0.078284
 -0.041284  0.101305  0.224795
 -0.043513  0.215720  0.118624
  0.100078  0.083874  0.213189
  0.026578  0.058480  0.241606
  0.164334  0.097122  0.161436
  0.164337  0.156704  0.104581
  0.079226  0.235648  0.026331
 -0.110848  0.120110  0.189173
  0.150783  0.196190  0.035689
  0.152366  0.020226  0.197169
 -0.112143  0.176658  0.136805
  0.005701  0.249908 -0.003647
  0.081840  0.000748  0.236224
 -0.104647  0.047594  0.222000
 -0.055205  0.240133  0.042293
 -0.039274  0.031150  0.244923
  0.063454  0.235265 -0.055893
 -0.164518  0.061779  0.177812
  0.206640  0.029428  0.137600
  0.213371  0.092953  0.091283
 -0.007063  0.236113 -0.081859
 -0.169023  0.128820  0.131668
 -0.150327 -0.016827  0.199044
  0.125940 -0.055682  0.208659
 -0.070590  0.237685 -0.031985
  0.206612  0.138335  0.025979
 -0.105030  0.212950  0.078236
  0.125318  0.214687 -0.026545
 -0.079169 -0.028554  0.235408
  0.002550 -0.022573  0.248966
  0.187825 -0.041229  0.159756
 -0.205632  0.003288  0.142143
  0.049066  0.209063 -0.128005
  0.237329  0.028298  0.073309
  0.049890 -0.081514  0.231012
 -0.207063  0.071495  0.120472
 -0.030728  0.197424 -0.150265
 -0.185021 -0.073584  0.151171
 -0.130636  0.212971  0.008816
  0.240933  0.065482  0.012772
  0.178624  0.169984 -0.041220
 -0.119184 -0.090783  0.200134
 -0.033881 -0.095439  0.228568
  0.156501 -0.103961  0.164923
 -0.165886  0.173862  0.068949
  0.123591  0.194856 -0.096210
  0.229058 -0.039223  0.092163
 -0.074872  0.216618 -0.099854
  0.095715 -0.133777  0.188261
  0.021774  0.159921 -0.190922
  0.199271 -0.106088  0.107408
 -0.230495 -0.043279  0.086596
 -0.204207 -0.116992  0.084335
  0.248778 -0.018887  0.015900
  0.222079  0.100495 -0.055512
 -0.147833 -0.144310  0.140783
 -0.059953  0.140715 -0.197749
 -0.214838  0.112989  0.059815
  0.016145 -0.154505  0.195876
 -0.110019  0.172812 -0.143290
 -0.237806  0.033654  0.069396
  0.107986  0.155875 -0.162917
  0.141182 -0.162694  0.126879
 -0.138533  0.196895 -0.067386
  0.227428 -0.098058  0.034076
 -0.196803  0.153029 -0.018734
 -0.006280  0.098316 -0.229771
  0.176448  0.132337 -0.117699
 -0.234899 -0.081752  0.025278
  0.069252 -0.193920  0.141771
 -0.070308 -0.158512  0.180085
  0.180461 -0.163900  0.055412
  0.242645  0.017371 -0.057632
 -0.083678  0.068071 -0.225531
 -0.140487  0.103807 -0.178851
 -0.163601 -0.178814  0.061321
 -0.205601 -0.142226 -0.000301
  0.114525 -0.208703  0.076335
  0.078248  0.099886 -0.215407
 -0.249558 -0.013087  0.007040
 -0.016447 -0.209044  0.136125
  0.234284 -0.075016 -0.044535
 -0.021322  0.022663 -0.248056
 -0.240581  0.067815 -0.004687
  0.199363 -0.149169 -0.022421
 -0.097408 -0.202117  0.110274
  0.034565 -0.235271  0.077155
 -0.177400  0.135959 -0.112002
  0.140727 -0.206617 -0.002327
  0.210524  0.050215 -0.125132
  0.151070  0.081805 -0.181620
  0.076273 -0.237279  0.019520
 -0.233176 -0.073717 -0.051913
  0.044817  0.046786 -0.241459
 -0.111765 -0.221003  0.034151
 -0.150711 -0.197598 -0.027228
  0.214438 -0.041214 -0.121729
 -0.090198 -0.010781 -0.232912
 -0.154482  0.017734 -0.195757
  0.169153 -0.009125 -0.183858
  0.194151 -0.121988 -0.099621
  0.144705 -0.188977 -0.076475
 -0.200544  0.053191 -0.139473
 -0.238881  0.008648 -0.073219
 -0.043898 -0.239254  0.057710
 -0.021549 -0.051540 -0.243679
 -0.188908 -0.141350 -0.082667
  0.007400 -0.249868 -0.003340
 -0.222026  0.088019 -0.073873
  0.161206 -0.089858 -0.168637
  0.047244 -0.024284 -0.244291
  0.076844 -0.231573 -0.054489
 -0.075079 -0.236418 -0.031144
 -0.081468 -0.079038 -0.222746
 -0.143250 -0.064479 -0.194478
 -0.204171 -0.049076 -0.135668
  0.108829  0.023609 -0.223828
 -0.030959 -0.118297 -0.218054
 -0.104197 -0.196717 -0.113778
 -0.156755 -0.126208 -0.148322
  0.138459 -0.155695 -0.138160
  0.038496 -0.100498 -0.225651
  0.108386 -0.060800 -0.216923
 -0.092867 -0.140782 -0.184543
  0.072664 -0.201483 -0.128936
 -0.010061 -0.230186 -0.097022
  0.088856 -0.137540 -0.188911
 -0.006360 -0.177951 -0.175480
 -0.000096 -0.039194  0.148177
 -0.004800  0.117975  0.083704
  0.009829  0.129719 -0.058068
  0.124773 -0.013696  0.086576
  0.130440 -0.018382 -0.063568
 -0.125196 -0.013492  0.095833
 -0.009581 -0.005583 -0.153310
 -0.131856 -0.016665 -0.039157
  0.018872 -0.138905 -0.004558
  0.003951 -0.006885  0.008248
  0.287756  0.121776  0.170503
  0.253577  0.294676  0.156673
  0.202161  0.123862  0.309754
  0.101644  0.334554  0.081421
  0.113929  0.253236  0.220087
  0.178254 -0.319817  0.275779
  0.097480  0.043496  0.326144
  0.079320  0.151366  0.299630
 -0.191190  0.160124  0.246254
 -0.094842  0.025923  0.321373
 -0.003154  0.087506  0.315363
 -0.104557  0.256009  0.247541
 -0.094523  0.140577  0.310353
 -0.004702  0.215588  0.245197
 -0.005361  0.367691  0.313914
 -0.002147  0.229951  0.366242
 -0.219352  0.040789  0.248319
 -0.128772 -0.081125  0.318734
  0.324554  0.114708 -0.000466
  0.239152  0.036299  0.222722
  0.095616 -0.073169  0.309446
  0.273445  0.189790  0.071374
 -0.035478  0.330174  0.116689
  0.069895  0.316435 -0.073219
 -0.206169  0.235224  0.075584
  0.235378  0.229153 -0.028946
  0.171251  0.300011 -0.021269
  0.191582  0.232080 -0.377683
 -0.102352  0.309425  0.012912
 -0.048478  0.295762 -0.121636
 -0.232060  0.159403  0.154392
 -0.312088  0.281500  0.225265
 -0.154845  0.275656  0.148584
  0.231160 -0.056795  0.210976
  0.335517 -0.025791  0.326267
  0.161009 -0.163834  0.235831
  0.191279 -0.123914  0.337855
  0.188277 -0.011423  0.294177
 -0.308994  0.068523  0.107199
 -0.308845 -0.058635  0.107022
 -0.244420 -0.062138  0.224923
 -0.119375 -0.267516  0.142258
 -0.354798  0.071204  0.291545
  0.330590 -0.017498  0.022451
  0.300125 -0.156616  0.043165
  0.245156  0.187752 -0.146070
  0.246233  0.322916 -0.152936
  0.150823  0.217429 -0.200637
  0.053275  0.319689 -0.226209
 -0.274249  0.250494 -0.121446
 -0.124869  0.298317 -0.246301
  0.015395  0.166801 -0.304215
 -0.206591  0.251355 -0.012454
 -0.143814  0.284686 -0.086319
  0.371869  0.285991 -0.019505
  0.283930  0.387222  0.021467
 -0.278434 -0.071152  0.361604
  0.017917 -0.270779  0.377977
 -0.092390 -0.199532  0.258212
  0.309257 -0.041674  0.153321
  0.106236 -0.235162  0.180792
  0.301598 -0.183617  0.227713
  0.004757 -0.261154  0.194641
  0.083043 -0.189283  0.300774
 -0.237059 -0.154513  0.157530
 -0.372448 -0.168715  0.196128
 -0.225796 -0.231255  0.267904
 -0.327896  0.223693  0.047969
 -0.012566 -0.139862  0.316857
 -0.125983  0.126305 -0.313545
 -0.246170  0.117677 -0.219590
  0.294543 -0.332745  0.051095
  0.289170 -0.127750 -0.114801
  0.158804  0.119038 -0.275244
  0.311843  0.223531 -0.277738
  0.316823  0.377021 -0.315885
 -0.224084 -0.264215  0.079139
 -0.284087 -0.160093  0.068886
 -0.306056 -0.119042 -0.027726
  0.206450 -0.219142  0.136848
  0.063266 -0.341099  0.091640
  0.241577  0.089680 -0.165390
  0.307028  0.003481 -0.125306
  0.242488  0.021781 -0.217218
 -0.128840 -0.012559 -0.296516
 -0.259259 -0.048533 -0.343287
 -0.363828 -0.022940 -0.063951
 -0.323640  0.106315 -0.024244
 -0.228473  0.373422  0.048474
  0.186148 -0.255149  0.031543
  0.221403 -0.078856 -0.216778
  0.332935 -0.108429 -0.271650
 -0.341972 -0.268002 -0.009092
 -0.262769 -0.090346 -0.164520
 -0.196972 -0.283477 -0.051317
 -0.310598  0.072748 -0.133183
 -0.056064 -0.340117  0.276267
  0.334098  0.106327 -0.194568
  0.390958  0.087109 -0.327733
  0.143593 -0.005730 -0.298695
 -0.380700 -0.013837 -0.242190
 -0.251426 -0.000845 -0.196786
  0.077169 -0.146983 -0.320727
 -0.122770 -0.312791 -0.195667
  0.354420 -0.276420 -0.138458
  0.197557 -0.229489 -0.087426
  0.181580 -0.192361 -0.205077
 -0.112349 -0.158422 -0.289779
 -0.275104 -0.295194 -0.361994
 -0.304134 -0.210245 -0.173378
  0.118752 -0.316910 -0.070135
  0.255296 -0.332317 -0.299814
  0.344468  0.010383 -0.233555
  0.257210  0.010030 -0.363392
  0.055837 -0.292113 -0.217694
 -0.055744 -0.337262 -0.006274
1545
   1        151      168      192      174
   1         69       84      184      189
   1         92      105      112      186
   1        174      181      192      183
   1        135      139      159      191
   1        126      136      184      141
   1         96      123      186      188
   1        121      185      186      191
   1         81       95      188      187
   1         91      113      116      189
   1         61       64      185       81
   1        128      137      152      188
   1         72       88      186      101
   1        105      112      186      190
   1        158      159      191      171
   1        170      171      191      175
   1        182      183      190      192
   1        172      178      190      188
   1        122      134      149      190
   1         58      184      187      185
   1         55       57      185       70
   1        109      120      188      187
   1         93       97      189      111
   2        150      235      309      270
   1        105      134      190      186
   1        104      118      187      125
   1        186      188      190      193
   1        100      121      191      185
   1        107      124      189      135
   1        146      186      188      190
   1        102      106      120      187
   1         98      114      184      126
   1        188      190      193      192
   1        120      137      188      140
   1         70       94      185      186
   1        109      120      137      188
   1         86      102      187      106
   1         54       55      185       62
   1        177      178      182      190
   1        174      179      192      191
   1         75       89       95      187
   1        142      147      192      163
   1        143      158      164      191
   1        155      172      188      178
   1        120      127      140      188
   1        114      125      184      136
   1         94      100      185      121
   1         66       82      100      185
   1        155      165      178      188
   1         81       95      110      188
   1         76       80      186      103
   1         57       70       82      185
   1         28       53      185       58
   1         60       61      185      187
   1         84       97      184      189
   1        154      158      191      171
   1         67       70      185      186
   1        166      177      190      178
   1         58       60      185      187
   1         95      109      188      187
   1        185      189      193      191
   1        184      189      192      193
   1        114      126      136      184
   1        101      117      186      123
   1        165      176      182      188
   1         54       61       64      185
   1         58       65      187       68
   1         77      100      189      185
   1         28       29      185       53
   1        150      151      168      192
   1         29       53       54      185
   1         89       95      187      109
   1         99      104      118      187
   1        187      188      193      192
   1        176      182      188      192
   1        182      188      192      190
   1        104      114      125      184
   1        120      127      188      187
   1        116      135      189      191
   1        131      150      192      151
   1         87       93      189      107
   1        173      177      183      190
   1         60       61      187       75
   1         74       75      187       89
   1        123      146      186      188
   2         51      288      297      309
   1        105      117      134      186
   1        151      174      192      191
   1         65       74      187       86
   1        174      179      183      192
   1        110      123      188      145
   1         89      102      109      187
   1         62       72      186       83
   1        102      109      187      120
   1         81       96      186      188
   1         88      105      186      117
   1         60       65       74      187
   1         92      112      115      186
   1        140      157      188      192
   1        127      140      188      192
   1         72       83      101      186
   1        146      155      172      188
   1        144      157      192      167
   1         69       71      184       84
   1        144      147      167      192
   1        131      132      151      191
   1        103      115      119      186
   1         76       88       92      186
   1        124      132      191      148
   1        131      151      192      191
   1         78       87       93      189
   1        165      178      188      182
   1         95      109      128      188
   1         84       85      184       98
   1        141      150      160      192
   1        109      128      188      137
   1         81      186      187      188
   1         67       76       80      186
   1        115      119      186      143
   1         80      103      119      186
   1         71       84       85      184
   1        177      182      183      190
   1        112      122      129      190
   1        189      191      192      193
   1        161      173      190      177
   1         67       72       76      186
   1        112      115      186      130
   1         62       64      186      185
   1        141      184      189      192
   1         62       67      185      186
   1        166      172      178      190
   1        129      138      153      190
   1         72       76      186       88
   1        153      169      170      190
   1        122      129      190      138
   1         78       93       97      189
   1        129      130      190      154
   1         82       94      100      185
   1        117      123      146      186
   1         58       59      184      185
   1        186      187      188      193
   1         59       68      184       85
   1         62       64       83      186
   1        134      146      172      190
   1        151      162      174      191
   1         88       92      186      105
   1         64       81      186      185
   1        100      185      191      189
   1         28       58      185       59
   1         93      108      111      189
   2        150      160      309      235
   1        137      140      156      188
   1         83       96      101      186
   1        190      191      193      192
   1         64       83      186       96
   1        162      174      191      175
   1        156      157      176      188
   1         55       67       70      185
   1         56       69      184      185
   1        153      161      169      190
   1         69       78       84      189
   1        138      161      190      166
   1        152      156      165      188
   1         61       81      185      187
   1        142      160      163      192
   1        161      166      177      190
   1        138      153      190      161
   1        119      121      186      143
   1         76       92      103      186
   1        121      143      191      186
   1        132      151      191      162
   1        148      162      191      171
   1        148      159      171      191
   1        160      163      192      168
   1         64       81       96      186
   1        178      182      190      188
   1        128      145      188      152
   1        107      116      135      189
   1        100      113      189      191
   1        184      185      193      187
   1        140      156      188      157
   1         63       73      189       77
   1        134      146      190      186
   1        138      149      166      190
   1         69      184      185      189
   1         53       58       60      185
   1         87      107      189      116
   1        158      159      164      191
   1         56       69       71      184
   1         59       71       85      184
   1         62       67      186       72
   1        124      135      191      189
   1        131      189      191      192
   1         94      121      185      186
   1        133      144      192      147
   1         61       75       81      187
   1         95      110      188      128
   1         79       99      187      104
   1         28       56       59      185
   1        185      186      193      187
   1         58       60      187       65
   1         60       74       75      187
   1         28       52       56      185
   1         65       68       79      187
   1        136      141      192      184
   1        134      149      190      172
   1         28       29       52      185
   1         52       57       66      185
   1        116      135      191      139
   1         63       69      189       73
   1         87       91      116      189
   2        168      288      309      297
   2        168      181      297      309
   1        118      125      192      187
   1         90       98      114      184
   1        125      133      192      142
   1         29       55       57      185
   1         85       90      184       98
   1        117      134      186      146
   1        115      130      143      186
   1        110      128      145      188
   1        149      166      190      172
   1        184      185      189      193
   1        104      125      187      184
   1         73       78      189       87
   1        108      124      191      189
   1        137      152      188      156
   1         79       86      187       99
   1        157      176      192      180
   1         86       99      106      187
   1         81       96      188      110
   1        145      146      188      155
   1        100      113      191      121
   1         53       54      185       61
   1         63       69      185      189
   1         68       85       90      184
   1         52       56      185       63
   1         90      104      184      114
   1        186      190      191      193
   1        113      121      139      191
   1        106      120      187      127
   1         99      106      187      118
   1        126      141      184      189
   1         84       97       98      184
   1        121      143      164      191
   1        179      183      192      190
   1        157      176      188      192
   1        125      136      142      192
   1         79      104      187      184
   1        125      184      192      187
   1        176      180      182      192
   1        127      187      192      188
   1        127      140      192      144
   1        118      125      133      192
   1        127      133      144      192
   1        111      126      189      141
   1        133      142      147      192
   1        131      141      189      192
   1         54       62      185       64
   1        107      108      189      124
   1        184      187      193      192
   1         55       62       67      185
   1         56       63       69      185
   1        111      131      141      189
   1         68       79      187      184
   1         58       68      187      184
   1         68       79      184       90
   1         65       79       86      187
   1         80       94      186      119
   1         92      103      186      115
   1         53       60       61      185
   1         70       80       94      186
   1        185      186      191      193
   1        121      139      191      164
   1         52       63      185       66
   1         88      101      117      186
   1         56       59      184       71
   2        168      174      297      181
   1        113      116      191      139
   1         77      100      113      189
   1         56       59      185      184
   1        125      136      192      184
   1        113      116      189      191
   1        124      135      148      191
   1        152      155      188      165
   1        135      148      191      159
   1        123      145      146      188
   1        105      122      190      134
   1        156      165      188      176
   1        140      144      157      192
   1        146      172      190      188
   1         97       98      184      126
   1        167      180      192      181
   1        132      148      162      191
   1        131      141      192      150
   1        147      163      167      192
   1        145      152      155      188
   1        150      160      192      168
   1         96      110      123      188
   1        168      174      181      192
   1        108      131      189      191
   1         81      185      187      186
   1        163      168      181      192
   1        130      154      158      191
   1         97      126      184      189
   1         97      111      126      189
   2        168      174      288      297
   1        108      131      191      132
   1        108      111      189      131
   1        180      181      183      192
   1        122      138      190      149
   1        154      170      171      191
   1        180      182      192      183
   2        133      273      283      274
   1        162      171      175      191
   1        129      153      154      190
   1        161      169      190      173
   2        265      273      274      283
   1        173      179      190      183
   1        170      179      191      190
   1        112      129      130      190
   1        154      170      191      190
   1        169      173      179      190
   1        130      143      186      191
   2        127      238      283      273
   1        130      186      190      191
   1        130      143      191      158
   1        130      154      191      190
   1         29       52      185       57
   1         79       90      104      184
   1        153      154      190      170
   1         58       59       68      184
   1         78       84      189       97
   1        169      170      190      179
   1        179      190      192      191
   1        174      175      179      191
   1        170      175      191      179
   1         57       66      185       82
   1         70       82      185       94
   1         66       77      185      100
   1         29       54       55      185
   1         63       66       77      185
   1        112      130      186      190
   1        105      112      190      122
   1         94      119      121      186
   1         67       70      186       80
   1        108      124      132      191
   1         63       77      189      185
   1         73       77       91      189
   1         69       73       78      189
   1         73       87      189       91
   1        118      127      192      133
   1         93      107      108      189
   1         77       91      189      113
   1        106      118      127      187
   1        118      127      187      192
   1        136      142      192      160
   1         74       86      102      187
   1        139      159      191      164
   1        136      141      160      192
   1         74       89      187      102
   1         75       81      187       95
   1         96      101      186      123
   1        157      167      180      192
   1        163      167      192      181
   2          3       15      305       24
   2         22       43       44      228
   2         24      297      301      308
   2        159      280      287      295
   2         45      198      208      209
   2         23       34      242       35
   2         48       51      290      260
   2         17       32      259      236
   2         51      235      309      274
   2        179      183      301      297
   2        178      284      293      296
   2         11       12      249      248
   2        300      304      305      308
   2        163      181      309      304
   2        238      265      283      273
   2         79       86       99      227
   2        144      147      283      304
   2         73       87       91      210
   2        167      180      304      299
   2        221      241      267      245
   2         40      266      298      285
   2        140      144      283      299
   2        218      222      282      246
   2         24       30      301      302
   2        298      300      304      305
   2          9      279      302      303
   2        279      301      302      303
   2        122      138      245      263
   2        267      277      291      307
   2        267      277      307      293
   2         39      212      291      239
   2        279      287      301      303
   2        199      265      273      274
   2        135      233      272      280
   2         23      221      242      269
   2         28       56      207      204
   2         69       78      210      203
   2         10      264      279      294
   2         94      121      246      218
   2         14       15      292       40
   2         14       30      221      307
   2         78       84      211      203
   2         30      267      307      293
   2         15       24      296      305
   2        146      239      267      275
   2         59      200      204      201
   2         75       89      212       95
   2         15       40      298      285
   2        156      176      299      300
   2        132      151      288      270
   2         78      210      211      234
   2        131      258      270      271
   2          2       17      260       48
   2         46      202      225      236
   2        266      285      300      298
   2         14       39       40      292
   2        195      197      220      249
   2        221      241      268      267
   2         94      218      246      222
   2         38       40      212      237
   2        131      150      270      235
   2         69      203      210      206
   2         15       19      305      298
   2        124      135      233      272
   2        130      154      264      158
   2         33      280      294      303
   2         36      205      216      226
   2        238      255      265      273
   2          1        9       24      302
   2         37      195      249      197
   2        170      171      175      287
   2         14       39      268      269
   2         21      194      195      196
   2        119      121      143      243
   2        276      277      306      291
   2        285      298      305      300
   2         57      205      216      207
   2        265      298      299      304
   2        161      166      296      177
   2         36      225      226      282
   2        275      276      291      277
   2        164      243      289      264
   2        159      164      281      289
   2         14      221      269      268
   2        142      254      274      256
   2          7       14       23      269
   2         14       23      269      221
   2        106      118      273      127
   2        199      254      257      256
   2        170      279      287      301
   2         15       24       30      296
   2        114      254      256      257
   2         16       25       32      225
   2         25       32      225      261
   2         35      222      223      247
   2        181      304      308      309
   2         53       60      194       61
   2         99      106      273      255
   2          9       33      294      303
   2        118      125      254      133
   2        199      229      273      255
   2         38      195      215      248
   2        123      146      275      239
   2         49      200      201      204
   2        181      297      309      308
   2         11       12      248       38
   2         39      212      239      248
   2        218      224      261      225
   2        199      229      230      257
   2         12       39      269      240
   2        221      240      268      241
   2        155      178      284      293
   2         39      240      268      269
   2         12       34      240      269
   2         34      240      269      242
   2         16       32      236      225
   2         47      251      257      262
   2         21       45      196      195
   2         39      268      291      292
   2        128      137      276      152
   2        120      127      238      140
   2        195      219      248      249
   2         42       47      211       48
   2         13       36       46      208
   2         95      110      128      212
   2        127      140      144      283
   2         67      217      222      223
   2        267      268      292      291
   2        202      205      225      226
   2        195      215      248      219
   2        106      120      127      238
   2        164      243      281      289
   2        266      298      300      299
   2         61       64      215      195
   2         13       36      208       37
   2        135      148      280      272
   2         99      229      255      273
   2         99      227      255      229
   2        163      168      309      181
   2        105      134      267      245
   2        110      128      212      276
   2          8       21      195       45
   2        106      238      273      255
   2        115      243      244      247
   2         99      106      255      227
   2        115      223      247      244
   2         23      221      245      242
   2         78      203      211      210
   2        265      274      304      283
   2         92      115      244      223
   2         78       97      234      211
   2         78       93      234       97
   2         29      198      207      216
   2         35      217      223      222
   2        166      177      178      296
   2         65       74      227      213
   2          4       25       35      243
   2          7       12       39      269
   2         10      244      263      264
   2         48      251      262      252
   2         93      108      233      258
   2        112      115      130      263
   2         48      211      252      262
   2         82      218      222      226
   2         47       48      262      211
   2        111      131      235      141
   2         28       29      198      207
   2         28       29       53      198
   2        199      251      256      257
   2         21       43      228      196
   2        115      244      264      263
   2        105      112      122      245
   2          4       10      244       23
   2          4       10      243      244
   2         47       85      204      203
   2        238      265      298      299
   2         42      203      206      210
   2        210      224      236      232
   2        239      241      267      268
   2        218      224      225      226
   2        221      241      245      242
   2        115      243      264      244
   2         97      234      260      258
   2          9       26      303      302
   2        277      291      307      306
   2         14       15      307      292
   2         40       41      298      238
   2        178      182      300      296
   2         47       85      262      214
   2        165      178      182      300
   2        219      220      240      249
   2         69       78      203       84
   2         61      194      198      195
   2         44       47      251      257
   2        106      127      273      238
   2         53      194      196      198
   2         51      235      274      290
   2         21       22      228       43
   2         43      214      230      231
   2        156      165      300      284
   2        227      228      255      230
   2        214      229      257      230
   2         53       61      194      198
   2         46      202      205      225
   2         60       74      213      194
   2         22       44      255      228
   2         41      228      255      253
   2        235      256      274      290
   2        161      173      177      296
   2        158      159      171      295
   2         46      205      209      208
   2         26      288      303      297
   2         40      291      306      292
   2         63       66      202       77
   2         69      202      206      210
   2         66       77      224      202
   2         51      235      290      260
   2        239      240      241      268
   2         42      202      210      206
   2         55       67      197      216
   2         37      195      197      198
   2        149      172      267      293
   2         79      227      230      231
   2        291      292      307      306
   2         46       49      209      206
   2        114      125      256      254
   2        144      283      299      304
   2        205      207      209      208
   2        128      137      237      276
   2         47       49      203      204
   2        284      293      296      307
   2        105      241      242      245
   2         17       27      260      259
   2         30      221      267      245
   2         21       41      194      228
   2         88      105      241      242
   2        111      235      260      252
   2         89       95      109      237
   2         93      233      234      258
   2         66      100      218      224
   2        239      267      291      268
   2         88      105      117      241
   2         56      203      206      204
   2        205      206      209      207
   2         61       75      194      215
   2         92      223      244      242
   2         52      205      207      206
   2         56      204      206      207
   2        133      254      273      274
   2         52       56      206      207
   2         53      196      201      198
   2         65      196      231      200
   2        264      289      295      294
   2        110      275      276      291
   2         68      200      231      214
   2         76       80      103      223
   2         84       97      211       98
   2        224      225      236      232
   2         40      212      276      291
   2        152      276      277      284
   2         30      161      296      301
   2        166      178      293      296
   2         38       39      248      212
   2        170      279      295      287
   2        101      219      240      239
   2        155      277      293      284
   2        155      165      284      178
   2         60       61       75      194
   2         21       22       41      228
   2        108      124      233      271
   2         97      111      260      252
   2         51      235      270      309
   2        234      236      250      259
   2         27       51      260      270
   2         21       43      196       45
   2        100      113      121      218
   2        219      240      248      249
   2         15      285      296      307
   2         30      138      263      245
   2         96      110      239      123
   2        243      246      282      247
   2         29       55      197      216
   2        205      207      208      216
   2        113      232      281      261
   2        105      241      245      267
   2          6       25      225       36
   2         97      211      252      260
   2         65       68      200      231
   2         87       93      233      234
   2        181      183      297      308
   2        176      180      299      300
   2        108      233      258      271
   2        132      162      286      288
   2         50      274      309      304
   2         40      237      238      266
   2        132      162      272      286
   2        115      119      243      247
   2         48      252      260      290
   2         49      196      201      200
   2        109      120      237      137
   2        152      155      165      284
   2         52       57      205       66
   2         31      243      281      261
   2         30      161      166      296
   2         49      203      204      206
   2         67       80      223      222
   2         90      104      257      214
   2        166      172      293      178
   2        100      113      218      224
   2         69       73      202      210
   2        144      167      304      299
   2        152      155      284      277
   2         50      265      274      304
   2        152      156      284      165
   2         62       67      217      197
   2         30      221      307      267
   2         47       85      214      200
   2         17       32       33      259
   2         87       91      232      116
   2        101      219      220      240
   2         77      100      224      113
   2         58       65       68      200
   2        126      136      235      256
   2         45      198      209      201
   2          8       11      195       21
   2         39      239      268      240
   2        267      275      291      277
   2         58       65      200      196
   2        162      272      303      287
   2         79       90      214      104
   2        136      141      235      160
   2        129      138      278      153
   2        125      136      256      142
   2         67       76      217      223
   2         64       81      215      219
   2         90       98      262      114
   2        218      225      282      226
   2        160      235      256      274
   2         44      199      257      251
   2         66       77      100      224
   2        104      229      254      257
   2         53       58      201      196
   2         56       63      206       69
   2        108      124      271      132
   2        121      139      164      281
   2        180      181      308      183
   2         30      263      278      279
   2         40      266      285      276
   2        251      252      290      256
   2         37       45      195      198
   2         99      118      229      273
   2          9       10      279      294
   2        104      114      254      125
   2        133      147      274      283
   2        147      163      304      167
   2         46      202      206      205
   2        134      149      267      245
   2        137      237      276      266
   2         64       81      219       96
   2         56       59       71      204
   2        133      144      147      283
   2        277      285      306      307
   2         86      102      106      227
   2        182      183      308      296
   2         30      149      267      293
   2        150      151      288      168
   2         29       52       57      207
   2         68       79      214      231
   2         89      194      212      237
   2        110      123      275      239
   2         11       38      248      195
   2        183      297      308      301
   2         81       96      110      219
   2        221      240      241      242
   2        103      115      247      119
   2         81      110      212      219
   2         42       46      236      202
   2         40      276      306      291
   2         92      242      244      245
   2          2       48      260       51
   2        127      133      283      144
   2        199      254      274      273
   2         33      233      272      271
   2         56       71      203      204
   2         28       53       58      201
   2         36       46      205      225
   2         97      111      258      260
   2         55       57       70      216
   2        133      142      274      147
   2        135      232      280      281
   2         94      119      246      121
   2         56       69      203       71
   2        135      139      232      281
   2        105      122      134      245
   2         73      202      210      224
   2        277      284      307      293
   2         33      259      271      286
   2        145      275      277      276
   2         51      235      260      270
   2         62       72       83      217
   2        279      287      303      294
   2         60       65      196      213
   2         33      272      303      286
   2        158      159      289      164
   2         26       51      288      297
   2        135      139      281      159
   2         68       85      214       90
   2         96      110      219      239
   2         73       77      202      224
   2         42       47      203      211
   2        145      146      277      275
   2        101      239      240      241
   2        169      170      179      301
   2         89      102      237      109
   2        280      287      294      303
   2         63       69       73      202
   2        130      143      158      264
   2         30      149      245      267
   2        272      280      303      287
   2         92      112      244      115
   2        132      271      286      272
   2          2       27       51      260
   2         98      114      252      262
   2         89      102      253      237
   2         88       92      242      223
   2         63       73       77      202
   2        114      126      256      136
   2         97      111      252      126
   2         79      104      214      229
   2         13       45      208       46
   2         40      276      285      306
   2        152      266      276      284
   2         18       22      255       41
   2        110      212      219      239
   2        112      115      263      244
   2        162      272      286      303
   2         58       59      201      200
   2         87       93      107      233
   2        198      207      216      208
   2         25       36      282      225
   2         29       54      198      197
   2         20       50      274       51
   2         74       75       89      194
   2        202      224      225      236
   2         18       19       41      265
   2         93       97      111      258
   2        194      196      228      213
   2         50       51      297      309
   2        131      132      270      151
   2         24       50      308      305
   2         28       58       59      201
   2         57       82      216      226
   2        267      291      292      307
   2        137      152      156      266
   2        202      210      224      236
   2         35      216      222      282
   2          3       15       19      305
   2         35      243      282      247
   2         35      222      247      282
   2         14      221      292      307
   2        279      287      294      295
   2         43       49      200      196
   2         55       67      216       70
   2         71       85      203      204
   2         44      199      230      257
   2         50      297      308      309
   2         74       89      253      194
   2         24       26      302      297
   2         45       46       49      209
   2        106      238      255      253
   2        199      251      290      256
   2         67      197      216      217
   2          3       24      305       50
   2         74      102      227      253
   2         94      100      121      218
   2         31      264      294      289
   2        145      146      155      277
   2         24      296      305      308
   2         69       73      210       78
   2        120      137      238      237
   2        154      263      264      278
   2         26       33      303      286
   2         68       85      200      214
   2         26       27       33      286
   2        108      131      271      258
   2        169      170      301      278
   2         30      278      301      279
   2        199      254      256      274
   2         50      298      304      305
   2         26      286      303      288
   2         24      297      302      301
   2         37       45      198      208
   2        108      131      132      271
   2         21      194      196      228
   2         52       63      205      206
   2        115      130      263      264
   2        134      149      172      267
   2         50      265      304      298
   2        218      222      226      282
   2         28      201      204      207
   2         47      214      262      257
   2         30      138      245      149
   2         76       88      217      223
   2         20      199      251      290
   2         54       61      198      195
   2        298      299      304      300
   2         36       37      216      208
   2          9       30      302      279
   2         30      279      301      302
   2        204      206      207      209
   2          4       35      244      243
   2         47       85      200      204
   2         58       59      200       68
   2          1        9      302       26
   2        131      141      150      235
   2         29       55      216       57
   2         85       98      211      262
   2        165      176      300      182
   2         43      196      231      228
   2        117      134      146      267
   2        154      158      295      264
   2         32      232      233      236
   2        232      233      236      234
   2        102      106      238      120
   2         78       87      210      234
   2        146      239      241      267
   2         57      205      226      216
   2         28       59      204      201
   2         40      285      292      306
   2         26      297      303      302
   2         33      233      271      259
   2        297      301      303      302
   2          7       14      269       39
   2         69       71       84      203
   2         13       37      208       45
   2         10       23       30      263
   2         42      203      210      211
   2        135      159      281      280
   2         14       15       30      307
   2         25      243      261      282
   2        121      243      261      281
   2         31      243      289      281
   2        104      118      125      254
   2        221      267      292      307
   2        129      153      278      154
   2        129      154      278      263
   2        114      125      136      256
   2        135      232      233      280
   2         26       51      286      288
   2        170      278      279      301
   2         67      216      222      217
   2         17       27      259       33
   2         21       38      195      194
   2        118      229      273      254
   2        259      270      271      286
   2         37      198      216      208
   2        177      182      296      183
   2        264      278      279      295
   2         10       23      263      244
   2         87       91      210      232
   2         34       37      249      197
   2         11       37      195      249
   2          8       13       45       37
   2         47       49      204      200
   2         29       57      216      207
   2        212      219      239      248
   2         20       51      274      290
   2         47       85      211      262
   2         35      223      244      247
   2         71       84      203       85
   2        105      117      241      267
   2        154      170      295      171
   2        201      204      207      209
   2         43       47      200       49
   2        104      114      257      254
   2        127      140      283      238
   2         80      103      247      119
   2        174      175      303      297
   2        104      118      254      229
   2         41      238      265      298
   2        160      235      274      309
   2         50       51      309      274
   2         72       76       88      217
   2         51      270      286      288
   2         30      138      166      161
   2         12      240      249      248
   2        129      130      154      263
   2         94      119      247      246
   2        175      179      301      297
   2          8       11       37      195
   2        143      164      264      243
   2        119      121      243      246
   2        243      246      261      282
   2         81       95      212      110
   2         44      199      255      230
   2         83      101      219      220
   2         10       31      264      294
   2        221      240      242      269
   2        157      176      180      299
   2         97       98      126      252
   2         63      202      205      206
   2        134      146      267      172
   2         19       50      298      265
   2        165      178      300      284
   2        147      163      274      304
   2         80      103      223      247
   2         25       31      261      243
   2         65       68      231       79
   2         19       50      305      298
   2        163      274      304      309
   2        199      255      273      265
   2         18       19      265       50
   2         27      259      270      260
   2         45       49      196      201
   2         85       90       98      262
   2          9       10       30      279
   2        238      265      299      283
   2         21       38      194       41
   2        276      277      285      306
   2        156      266      284      300
   2         64      195      197      220
   2         92      112      245      244
   2        284      285      296      300
   2         62       64      220       83
   2         78       84       97      211
   2         15      285      305      296
   2         62       83      220      217
   2        142      147      163      274
   2         15      285      298      305
   2         83      101      220      217
   2         54       64      195      197
   2         62      197      217      220
   2        126      235      252      256
   2        133      142      254      274
   2        233      258      271      259
   2        114      252      262      256
   2        180      300      308      304
   2        151      162      288      174
   2         51      270      288      309
   2        177      178      296      182
   2         50      199      274      265
   2          9       31      294       33
   2         33      271      272      286
   2         25       35      282       36
   2        153      169      278      170
   2         66      218      226      224
   2         48      251      252      290
   2          2       17       27      260
   2        154      264      295      278
   2         42       49      206      203
   2         43       45       49      196
   2         66       82      226      218
   2          7       23       34      269
   2         34      197      220      217
   2         10      263      279      264
   2        263      264      278      279
   2         88      101      241      117
   2         64       83       96      219
   2         61       75      215       81
   2        174      175      297      179
   2         82       94      222      218
   2         80       94      119      247
   2        213      227      231      228
   2         75       89      194      212
   2        227      228      230      231
   2         61       64       81      215
   2         47      214      257      230
   2        212      215      219      248
   2        159      171      295      287
   2         61      194      195      215
   2        198      201      207      209
   2          2       20       48       51
   2        124      233      271      272
   2         67       70       80      222
   2        175      297      301      303
   2        104      214      229      257
   2        128      145      152      276
   2        163      167      181      304
   2         43       44      228      230
   2         44       47      257      230
   2        111      126      141      235
   2         43       47      230      214
   2         43       44      230       47
   2        170      175      179      301
   2        161      169      301      278
   2        162      174      175      303
   2         20       44       48      251
   2         17       42      250       48
   2         20       48      290      251
   2         18       50      265      199
   2         10       30      279      263
   2        114      126      252      256
   2         14      221      268      292
   2        238      266      299      298
   2         12       34      249      240
   2        198      207      208      209
   2         17      236      259      250
   2        112      122      245      263
   2        124      132      272      271
   2        150      151      270      288
   2         53       54       61      198
   2         23       35      242      244
   2         74      213      253      227
   2        153      161      278      169
   2          9      279      303      294
   2         27       51      270      286
   2          5       18      199       20
   2         33      233      280      272
   2        107      108      124      233
   2         70       82      222      216
   2         39       40      292      291
   2         42       46      202      206
   2         11      195      248      249
   2         41      238      253      255
   2         74      194      253      213
   2        122      129      138      263
   2         93       97      258      234
   2         40      212      237      276
   2        110      123      145      275
   2        167      180      181      304
   2         34      197      249      220
   2        222      246      247      282
   2         63       69      202      206
   2        146      155      267      172
   2         34       35      217      242
   2        180      181      304      308
   2          4       23      244       35
   2        110      239      275      291
   2        162      171      287      175
   2         59       85      204      200
   2        194      213      228      253
   2         44      228      230      255
   2        125      133      142      254
   2         88      217      242      241
   2         38      212      248      215
   2        156      266      300      299
   2         75      194      215      212
   2         68       79       90      214
   2        122      138      149      245
   2         48      211      250      260
   2        136      142      160      256
   2         54      195      198      197
   2         66      202      224      226
   2         55       62      197       67
   2          8       37       45      195
   2         81      212      215      219
   2         64      195      219      215
   2        213      227      228      253
   2        199      229      257      254
   2        218      246      282      261
   2        218      225      261      282
   2         35      217      242      223
   2         67       76      223       80
   2        101      217      241      240
   2        221      240      269      268
   2         83       96      219      101
   2         87      232      234      233
   2         87      210      234      232
   2        210      211      234      250
   2        178      284      296      300
   2        211      234      250      260
   2         58      196      200      201
   2        147      274      283      304
   2         38      194      212      215
   2        210      232      236      234
   2        131      132      271      270
   2        131      235      270      258
   2         80      222      247      223
   2        233      234      259      236
   2        108      111      131      258
   2        111      131      258      235
   2         43      196      200      231
   2        111      235      258      260
   2        221      267      268      292
   2         79      227      229      230
   2         93      108      258      111
   2         38      194      237      212
   2         73       77      224       91
   2        140      156      157      299
   2         72       88      101      217
   2         23      244      245      263
   2        101      117      123      241
   2        135      148      159      280
   2        141      150      235      160
   2         40      237      266      276
   2         90      214      257      262
   2         60       74      194       75
   2        180      299      300      304
   2        174      181      183      297
   2        140      156      299      266
   2         43      228      231      230
   2        235      258      260      270
   2        111      126      235      252
   2        170      278      295      279
   2        175      287      303      301
   2         79       99      104      229
   2        264      279      294      295
   2         32      233      259      236
   2        174      179      297      183
   2        280      287      295      294
   2         60       65      213       74
   2        126      136      141      235
   2        115      130      264      143
   2        199      229      254      273
   2         25      225      282      261
   2         48      211      260      252
   2        113      218      224      261
   2          4       10       31      243
   2        113      139      281      232
   2        216      222      282      226
   2         25       35      243      282
   2         65       74       86      227
   2         65       79      227       86
   2         30      166      293      296
   2         80       94      247      222
   2        169      173      301      179
   2        144      147      304      167
   2         50      304      308      305
   2        121      243      246      261
   2         30      138      278      263
   2        170      171      287      295
   2         84       85       98      211
   2         45      196      198      201
   2         30      161      301      278
   2        158      164      289      264
   2        103      115      223      247
   2         27       33      286      259
   2        233      234      258      259
   2          9       10      294       31
   2         31       33      280      294
   2         96      101      123      239
   2        118      133      254      273
   2        158      264      289      295
   2         35       36       37      216
   2        118      127      133      273
   2        154      158      171      295
   2         37      197      216      198
   2        150      270      309      288
   2         32      225      261      232
   2          5       20      199       44
   2        136      160      235      256
   2          3       19       50      305
   2         84       85      211      203
   2        224      225      232      261
   2         59       71      204       85
   2         85       90      262      214
   2        127      133      273      283
   2         10      243      244      264
   2         43      200      214      231
   2        180      182      183      308
   2         79      214      231      230
   2         18      199      265      255
   2        113      121      218      261
   2        113      224      232      261
   2         60      194      213      196
   2         15       40      285      292
   2         41      194      253      237
   2        130      154      263      264
   2         52       56       63      206
   2         52       63       66      205
   2         76       88      223       92
   2        265      283      304      299
   2         54       62       64      197
   2         30      293      307      296
   2        150      168      288      309
   2        148      162      171      287
   2         20       48       51      290
   2         44       47       48      251
   2        150      160      168      309
   2         98      114      126      252
   2        138      153      161      278
   2         90      104      114      257
   2        176      180      300      182
   2        157      167      299      180
   2        159      280      289      281
   2          5       18       22      255
   2        112      129      263      130
   2        234      250      260      259
   2         16       42       46      236
   2         75       81      212      215
   2         11       21       38      195
   2         50      304      309      308
   2        110      145      276      275
   2        113      121      261      281
   2         79      214      230      229
   2         29      197      198      216
   2        180      182      308      300
   2         97      211      260      234
   2         70       82       94      222
   2        115      119      143      243
   2         62       64      197      220
   2        116      135      232      233
   2         59       68       85      200
   2          6       36      225       46
   2        148      272      287      280
   2         65      213      227      231
   2        109      128      137      237
   2         86       99      227      106
   2         29       54      197       55
   2         31       32      281      280
   2         54       55       62      197
   2         42      210      236      250
   2         57       70      216       82
   2        117      146      241      267
   2         99      106      118      273
   2         32      232      261      281
   2         53       58      196       60
   2        239      267      275      291
   2         42      202      236      210
   2         53       60      196      194
   2        235      252      256      290
   2        137      152      266      276
   2        143      158      264      164
   2        154      170      278      295
   2         93      107      233      108
   2        113      121      281      139
   2        131      150      151      270
   2        117      123      241      146
   2         39       40      291      212
   2        110      128      276      145
   2        125      142      256      254
   2         42       47       49      203
   2         73       78       87      210
   2        129      138      263      278
   2         34       35      197      217
   2         45      195      198      196
   2         91      210      232      224
   2        170      175      301      287
   2        114      256      262      257
   2         20       44      251      199
   2        202      224      226      225
   2         23      242      245      244
   2         73       91      224      210
   2         97       98      252      211
   2         35      197      217      216
   2        173      179      183      301
   2         28       52      207       56
   2         11       34       37      249
   2         29       53      198       54
   2         47       48      251      262
   2         90      114      262      257
   2        161      169      173      301
   2         17       42      236      250
   2         43       47      214      200
   2         47       85      203      211
   2         30      149      293      166
   2         79       99      229      227
   2         54       61      195       64
   2         14       39      292      268
   2         17       48      250      260
   2         35       37      197      216
   2         36      216      282      226
   2         17      250      259      260
   2         75       81       95      212
   2         58       60       65      196
   2         24       50       51      297
   2        102      106      227      253
   2         41      238      255      265
   2         42       48      211      250
   2          4       25      243       31
   2        219      239      248      240
   2         35      216      217      222
   2        107      124      135      233
   2         57       66      226      205
   2        210      234      236      250
   2        128      212      276      237
   2        160      163      168      309
   2         38       39      212       40
   2         24       30      296      301
   2         95      128      237      212
   2         10       31      243      264
   2          1       24       26      302
   2         24       26      297       51
   2         87      107      116      233
   2         95      109      237      128
   2        160      163      309      274
   2         98      211      262      252
   2        142      160      256      274
   2         18       20       50      199
   2        227      229      230      255
   2        258      259      260      270
   2        124      135      272      148
   2        162      286      288      303
   2         26       27      286       51
   2         16       17      236       32
   2         32       33      259      233
   2          9       26       33      303
   2         67       72      217       76
   2        121      143      243      164
   2        266      276      284      285
   2         45       49      201      209
   2         64       83      219      220
   2         23       34      269      242
   2         49      201      209      204
   2         57       66       82      226
   2        148      159      280      287
   2        115      143      264      243
   2         23       30      263      245
   2        110      212      239      291
   2          7       12      269       34
   2         34      220      249      240
   2        266      284      300      285
   2         14       23      221       30
   2          9       24      302       30
   2         66      202      226      205
   2        145      152      276      277
   2        110      212      291      276
   2        296      300      305      308
   2        149      166      172      293
   2         36       46      208      205
   2          6       13       36       46
   2         45       46      209      208
   2        121      164      243      281
   2        116      135      139      232
   2         42       46      206       49
   2        258      259      270      271
   2        155      172      178      293
   2        123      146      239      241
   2         39      239      240      248
   2        144      157      167      299
   2        132      151      162      288
   2         77       91      113      224
   2        101      217      240      220
   2        139      159      164      281
   2        156      157      299      176
   2         12       39      240      248
   2          5       44      199      255
   2         15       19      298       40
   2         52       57      207      205
   2        132      270      288      286
   2        137      140      238      266
   2         12       38       39      248
   2        152      156      266      284
   2         40      238      298      266
   2        277      284      285      307
   2         46      205      206      209
   2         76       92      223      103
   2        107      116      233      135
   2        162      174      303      288
   2        182      296      308      300
   2        124      132      148      272
   2         66       82      218      100
   2        102      237      238      253
   2         92      105      242      245
   2         96      101      239      219
   2         56       69      206      203
   2         40       41      238      237
   2        155      172      293      267
   2        155      267      293      277
   2         65       79      231      227
   2        285      296      300      305
   2        120      137      140      238
   2         38      194      215      195
   2         25       31       32      261
   2         15      285      307      292
   2         15       30      307      296
   2         16       17       42      236
   2         24       50      297      308
   2        183      296      301      308
   2        280      289      294      295
   2        142      160      274      163
   2        113      116      139      232
   2         82      216      226      222
   2         22       41      228      255
   2         87      116      232      233
   2         89       95      237      212
   2         18       41      255      265
   2         31      243      264      289
   2        106      227      253      255
   2        140      238      299      283
   2         94      222      246      247
   2        140      238      266      299
   2         31      280      289      294
   2         89      194      237      253
   2        137      237      266      238
   2         19       41      265      298
   2        158      159      295      289
   2         88      217      223      242
   2        284      285      307      296
   2         35      243      247      244
   2         72       83      217      101
   2         24      296      308      301
   2        276      277      284      285
   2         91      113      224      232
   2        148      159      287      171
   2         31       32      261      281
   2        132      270      286      271
   2        119      243      247      246
   2        122      134      245      149
   2         65      196      213      231
   2        151      168      174      288
   2         27      259      286      270
   2         88      101      217      241
   2         20      199      290      274
   2        161      173      296      301
   2        105      117      267      134
   2        196      213      231      228
   2        123      145      275      146
   2         28      198      201      207
   2        227      228      253      255
   2         70       80      222       94
   2        173      183      296      301
   2        148      162      287      272
   2        235      252      290      260
   2        173      177      296      183
   2         30      138      161      278
   2         31      280      281      289
   2         92      105      245      112
   2        159      280      295      289
   2         42      210      250      211
   2         39      239      291      268
   2         62       67       72      217
   2        156      165      176      300
   2        132      148      272      162
   2          5       22       44      255
   2        145      152      277      155
   2         49      204      209      206
   2         28       29      207       52
   2         28       53      201      198
   2         30      138      149      166
   2         32      232      281      280
   2         32      232      280      233
   2        217      240      242      241
   2         99      104      229      118
   2        146      155      277      267
   2         31       32      280       33
   2         82       94      218      100
   2         88       92      105      242
   2         23       30      245      221
   2        140      144      299      157
   2         67       70      222      216
   2         28       56      204       59
   2         34      217      220      240
   2        174      288      297      303
   2         20       50      199      274
   2        234      258      259      260
   2        101      123      239      241
   2        137      140      266      156
   2         78       87      234       93
   2         74       86      227      102
   2          6       16      225       25
   2         35       36      216      282
   2         16       46      225      236
   2         34       35       37      197
   2         36      205      208      216
   2        102      120      238      237
   2        194      195      196      198
   2         33      272      280      303
   2         63       66      205      202
   2        199      256      290      274
   2         74       89      102      253
   2        251      256      257      262
   2        195      219      249      220
   2        112      244      263      245
   2        162      175      287      303
   2        251      252      256      262
   2         64      195      220      219
   2          5       18      255      199
   2         34      217      240      242
   2         11       12       34      249
   2         91      113      232      116
   2         41      194      228      253
   2         38       41      237      194
   2        146      267      277      275
   2        121      218      261      246
   2         32       33      233      280
   2         41      237      253      238
   2         38       40      237       41
   2          6       16       46      225
   2        153      154      170      278
   2        112      122      263      129
   2         36      205      226      225
   2         35      223      242      244
   2        199      229      255      230
   2        285      292      306      307
   2        102      109      120      237
   2        102      106      253      238
   2         19       40       41      298
   2         92      103      115      223
   2         32      225      232      236
358
   1            1        9       24
   1            4       23       10
   1           14       15       30
   1           15       24       30
   1            7       14       23
   1           14       30       23
   1           10       23       30
   1            3       24       15
   1            9       30       24
   1            9       10       30
   2            1       26        9
   2            9       31       10
   2            6       25       16
   2           16       32       17
   2           16       25       32
   2            2       17       27
   2           26       27       33
   2           17       33       27
   2            4       10       31
   2            4       31       25
   2           17       32       33
   2            9       26       33
   2            9       33       31
   2           25       31       32
   2           31       33       32
   3           11       12       34
   3            7       23       34
   3            8       11       37
   3            7       34       12
   3           23       35       34
   3           11       34       37
   3            4       35       23
   3            6       36       25
   3            4       25       35
   3           25       36       35
   3            8       37       13
   3            6       13       36
   3           13       37       36
   3           34       35       37
   3           35       36       37
   4            8       21       11
   4           11       38       12
   4            7       12       39
   4            7       39       14
   4           12       38       39
   4           14       40       15
   4           14       39       40
   4            3       15       19
   4            5       18       22
   4           18       19       41
   4           18       41       22
   7          177      182      183
   4           15       40       19
   4           19       40       41
   7          180      183      182
   4           11       21       38
   4           38       40       39
   4           21       22       41
   4           21       41       38
   4           38       41       40
   5           16       17       42
   5           21       43       22
   5            5       22       44
   5            5       44       20
   5           22       43       44
   5            8       45       21
   5           21       45       43
   5            8       13       45
   5            6       16       46
   5           43       45       49
   5            2       48       17
   5           13       46       45
   5            2       20       48
   5           20       44       48
   5           44       47       48
   5           16       42       46
   5           43       47       44
   5            6       46       13
   5           17       48       42
   5           42       48       47
   5           45       46       49
   5           43       49       47
   5           42       49       46
   5           42       47       49
   6            5       20       18
   6           18       50       19
   6           18       20       50
   6            3       19       50
   6            2       51       20
   6           20       51       50
   6            2       27       51
   6            1       24       26
   6           26       51       27
   6           24       51       26
   6            3       50       24
   6           24       50       51
   7           28       29       52
   7           28       53       29
   7           29       53       54
   7           29       54       55
   7           28       52       56
   7           29       57       52
   7           29       55       57
   7           28       58       53
   7           28       56       59
   7           28       59       58
   7           53       58       60
   7           53       61       54
   7           53       60       61
   7           54       62       55
   7           52       63       56
   7           54       61       64
   7           54       64       62
   7           58       65       60
   7           52       57       66
   7           52       66       63
   7           55       62       67
   7           58       59       68
   7           58       68       65
   7           56       63       69
   7           55       70       57
   7           55       67       70
   7           56       71       59
   7           56       69       71
   7           62       72       67
   7           63       73       69
   7           60       65       74
   7           60       75       61
   7           60       74       75
   7           67       72       76
   7           63       66       77
   7           63       77       73
   7           69       73       78
   7           65       68       79
   7           67       76       80
   7           67       80       70
   7           61       75       81
   7           61       81       64
   7           57       70       82
   7           57       82       66
   7           62       64       83
   7           62       83       72
   7           69       84       71
   7           69       78       84
   7           59       71       85
   7           59       85       68
   7           65       86       74
   7           65       79       86
   7           73       87       78
   7           72       88       76
   7           74       89       75
   7           68       90       79
   7           68       85       90
   7           73       77       91
   7           73       91       87
   7           76       88       92
   7           78       87       93
   7           70       80       94
   7           70       94       82
   7           75       95       81
   7           75       89       95
   7           64       96       83
   7           64       81       96
   7           78       97       84
   7           78       93       97
   7           71       84       85
   7           84       98       85
   7           79       99       86
   7           66       82      100
   7           66      100       77
   7           72       83      101
   7           72      101       88
   7           74       86      102
   7           74      102       89
   7           76       92      103
   7           76      103       80
   7           79       90      104
   7           79      104       99
   7           88      105       92
   7           86       99      106
   7           86      106      102
   7           85       98       90
   7           87      107       93
   7           93      107      108
   7           82       94      100
   7           89      109       95
   7           81      110       96
   7           81       95      110
   7           93      111       97
   7           93      108      111
   7           84       97       98
   7           92      105      112
   7           83       96      101
   7           77      100      113
   7           77      113       91
   7           90       98      114
   7           92      115      103
   7           92      112      115
   7           87       91      116
   7           87      116      107
   7           90      114      104
   7           88      117      105
   7           88      101      117
   7           99      104      118
   7           89      102      109
   7           80      103      119
   7           80      119       94
   7           99      118      106
   7          102      106      120
   7          102      120      109
   7           94      121      100
   7          100      121      113
   7           94      119      121
   7          105      122      112
   7           96      123      101
   7          107      124      108
   7          104      125      118
   7          104      114      125
   7           97      126       98
   7           98      126      114
   7           97      111      126
   7          106      118      127
   7           95      109      128
   7           95      128      110
   7           96      110      123
   7          112      122      129
   7          112      129      130
   7          112      130      115
   7          108      131      111
   7          106      127      120
   7          101      123      117
   7          108      124      132
   7          108      132      131
   7          118      125      133
   7          105      134      122
   7          105      117      134
   7          118      133      127
   7           91      113      116
   7          103      115      119
   7          107      116      135
   7          107      135      124
   7          114      126      136
   7          114      136      125
   7          109      120      137
   7          109      137      128
   7          122      138      129
   7          113      139      116
   7          120      127      140
   7          111      131      141
   7          125      142      133
   7          125      136      142
   7          115      143      119
   7          127      133      144
   7          111      141      126
   7          110      128      145
   7          110      145      123
   7          117      123      146
   7          117      146      134
   7          123      145      146
   7          119      143      121
   7          116      139      135
   7          115      130      143
   7          120      140      137
   7          133      142      147
   7          133      147      144
   7          124      148      132
   7          122      134      149
   7          122      149      138
   7          131      150      141
   7          127      144      140
   7          113      121      139
   7          126      141      136
   7          131      132      151
   7          131      151      150
   7          128      137      152
   7          124      135      148
   7          128      152      145
   7          129      138      153
   7          129      154      130
   7          129      153      154
   7          145      152      155
   7          137      140      156
   7          137      156      152
   7          140      144      157
   7          140      157      156
   7          130      158      143
   7          130      154      158
   7          135      159      148
   7          136      141      160
   7          136      160      142
   7          141      150      160
   7          135      139      159
   7          138      161      153
   7          132      148      162
   7          132      162      151
   7          142      163      147
   7          142      160      163
   7          121      143      164
   7          152      156      165
   7          152      165      155
   7          138      149      166
   7          138      166      161
   7          144      167      157
   7          144      147      167
   7          145      155      146
   7          150      168      160
   7          160      168      163
   7          143      158      164
   7          153      161      169
   7          121      164      139
   7          139      164      159
   7          150      151      168
   7          153      170      154
   7          153      169      170
   7          148      159      171
   7          134      146      172
   7          134      172      149
   7          146      155      172
   7          148      171      162
   7          154      171      158
   7          161      173      169
   7          151      174      168
   7          162      171      175
   7          156      157      176
   7          156      176      165
   7          158      171      159
   7          151      162      174
   7          158      159      164
   7          161      177      173
   7          161      166      177
   7          162      175      174
   7          155      165      178
   7          155      178      172
   7          149      172      166
   7          147      163      167
   7          169      173      179
   7          157      180      176
   7          157      167      180
   7          168      174      181
   7          169      179      170
   7          163      168      181
   7          165      182      178
   7          165      176      182
   7          166      172      178
   7          163      181      167
   7          173      183      179
   7          174      183      181
   7          170      179      175
   7          167      181      180
   7          170      175      171
   7          166      178      177
   7          174      175      179
   7          154      170      171
   7          174      179      183
   7          173      177      183
   7          180      181      183
   7          176      180      182
   7          177      178      182
