0                                # NRSUFS
1                                # NRDOMAIN
8
  000000  000000  000000
  000000  000000  6.28318400000
  6.28318400000  000000  000000
  000000  6.28318400000  000000
  6.28318400000  000000  6.28318400000
  000000  6.28318400000  6.28318400000
  6.28318400000  6.28318400000  000000
  6.28318400000  6.28318400000  6.2831840000
6
   1          2        4        8        6
   1          3        2        1        7
   1          3        5        2        7
   1          1        2        4        7
   1          8        7        4        2
   1          8        7        2        5
0

