729
0.000000 0.000000 0.000000
0.125000 0.000000 0.000000
0.250000 0.000000 0.000000
0.375000 0.000000 0.000000
0.500000 0.000000 0.000000
0.625000 0.000000 0.000000
0.750000 0.000000 0.000000
0.875000 0.000000 0.000000
1.000000 0.000000 0.000000
0.000000 0.125000 0.000000
0.125000 0.125000 0.000000
0.250000 0.125000 0.000000
0.375000 0.125000 0.000000
0.500000 0.125000 0.000000
0.625000 0.125000 0.000000
0.750000 0.125000 0.000000
0.875000 0.125000 0.000000
1.000000 0.125000 0.000000
0.000000 0.250000 0.000000
0.125000 0.250000 0.000000
0.250000 0.250000 0.000000
0.375000 0.250000 0.000000
0.500000 0.250000 0.000000
0.625000 0.250000 0.000000
0.750000 0.250000 0.000000
0.875000 0.250000 0.000000
1.000000 0.250000 0.000000
0.000000 0.375000 0.000000
0.125000 0.375000 0.000000
0.250000 0.375000 0.000000
0.375000 0.375000 0.000000
0.500000 0.375000 0.000000
0.625000 0.375000 0.000000
0.750000 0.375000 0.000000
0.875000 0.375000 0.000000
1.000000 0.375000 0.000000
0.000000 0.500000 0.000000
0.125000 0.500000 0.000000
0.250000 0.500000 0.000000
0.375000 0.500000 0.000000
0.500000 0.500000 0.000000
0.625000 0.500000 0.000000
0.750000 0.500000 0.000000
0.875000 0.500000 0.000000
1.000000 0.500000 0.000000
0.000000 0.625000 0.000000
0.125000 0.625000 0.000000
0.250000 0.625000 0.000000
0.375000 0.625000 0.000000
0.500000 0.625000 0.000000
0.625000 0.625000 0.000000
0.750000 0.625000 0.000000
0.875000 0.625000 0.000000
1.000000 0.625000 0.000000
0.000000 0.750000 0.000000
0.125000 0.750000 0.000000
0.250000 0.750000 0.000000
0.375000 0.750000 0.000000
0.500000 0.750000 0.000000
0.625000 0.750000 0.000000
0.750000 0.750000 0.000000
0.875000 0.750000 0.000000
1.000000 0.750000 0.000000
0.000000 0.875000 0.000000
0.125000 0.875000 0.000000
0.250000 0.875000 0.000000
0.375000 0.875000 0.000000
0.500000 0.875000 0.000000
0.625000 0.875000 0.000000
0.750000 0.875000 0.000000
0.875000 0.875000 0.000000
1.000000 0.875000 0.000000
0.000000 1.000000 0.000000
0.125000 1.000000 0.000000
0.250000 1.000000 0.000000
0.375000 1.000000 0.000000
0.500000 1.000000 0.000000
0.625000 1.000000 0.000000
0.750000 1.000000 0.000000
0.875000 1.000000 0.000000
1.000000 1.000000 0.000000
0.000000 0.000000 0.125000
0.125000 0.000000 0.125000
0.250000 0.000000 0.125000
0.375000 0.000000 0.125000
0.500000 0.000000 0.125000
0.625000 0.000000 0.125000
0.750000 0.000000 0.125000
0.875000 0.000000 0.125000
1.000000 0.000000 0.125000
0.000000 0.125000 0.125000
0.125000 0.125000 0.125000
0.250000 0.125000 0.125000
0.375000 0.125000 0.125000
0.500000 0.125000 0.125000
0.625000 0.125000 0.125000
0.750000 0.125000 0.125000
0.875000 0.125000 0.125000
1.000000 0.125000 0.125000
0.000000 0.250000 0.125000
0.125000 0.250000 0.125000
0.250000 0.250000 0.125000
0.375000 0.250000 0.125000
0.500000 0.250000 0.125000
0.625000 0.250000 0.125000
0.750000 0.250000 0.125000
0.875000 0.250000 0.125000
1.000000 0.250000 0.125000
0.000000 0.375000 0.125000
0.125000 0.375000 0.125000
0.250000 0.375000 0.125000
0.375000 0.375000 0.125000
0.500000 0.375000 0.125000
0.625000 0.375000 0.125000
0.750000 0.375000 0.125000
0.875000 0.375000 0.125000
1.000000 0.375000 0.125000
0.000000 0.500000 0.125000
0.125000 0.500000 0.125000
0.250000 0.500000 0.125000
0.375000 0.500000 0.125000
0.500000 0.500000 0.125000
0.625000 0.500000 0.125000
0.750000 0.500000 0.125000
0.875000 0.500000 0.125000
1.000000 0.500000 0.125000
0.000000 0.625000 0.125000
0.125000 0.625000 0.125000
0.250000 0.625000 0.125000
0.375000 0.625000 0.125000
0.500000 0.625000 0.125000
0.625000 0.625000 0.125000
0.750000 0.625000 0.125000
0.875000 0.625000 0.125000
1.000000 0.625000 0.125000
0.000000 0.750000 0.125000
0.125000 0.750000 0.125000
0.250000 0.750000 0.125000
0.375000 0.750000 0.125000
0.500000 0.750000 0.125000
0.625000 0.750000 0.125000
0.750000 0.750000 0.125000
0.875000 0.750000 0.125000
1.000000 0.750000 0.125000
0.000000 0.875000 0.125000
0.125000 0.875000 0.125000
0.250000 0.875000 0.125000
0.375000 0.875000 0.125000
0.500000 0.875000 0.125000
0.625000 0.875000 0.125000
0.750000 0.875000 0.125000
0.875000 0.875000 0.125000
1.000000 0.875000 0.125000
0.000000 1.000000 0.125000
0.125000 1.000000 0.125000
0.250000 1.000000 0.125000
0.375000 1.000000 0.125000
0.500000 1.000000 0.125000
0.625000 1.000000 0.125000
0.750000 1.000000 0.125000
0.875000 1.000000 0.125000
1.000000 1.000000 0.125000
0.000000 0.000000 0.250000
0.125000 0.000000 0.250000
0.250000 0.000000 0.250000
0.375000 0.000000 0.250000
0.500000 0.000000 0.250000
0.625000 0.000000 0.250000
0.750000 0.000000 0.250000
0.875000 0.000000 0.250000
1.000000 0.000000 0.250000
0.000000 0.125000 0.250000
0.125000 0.125000 0.250000
0.250000 0.125000 0.250000
0.375000 0.125000 0.250000
0.500000 0.125000 0.250000
0.625000 0.125000 0.250000
0.750000 0.125000 0.250000
0.875000 0.125000 0.250000
1.000000 0.125000 0.250000
0.000000 0.250000 0.250000
0.125000 0.250000 0.250000
0.250000 0.250000 0.250000
0.375000 0.250000 0.250000
0.500000 0.250000 0.250000
0.625000 0.250000 0.250000
0.750000 0.250000 0.250000
0.875000 0.250000 0.250000
1.000000 0.250000 0.250000
0.000000 0.375000 0.250000
0.125000 0.375000 0.250000
0.250000 0.375000 0.250000
0.375000 0.375000 0.250000
0.500000 0.375000 0.250000
0.625000 0.375000 0.250000
0.750000 0.375000 0.250000
0.875000 0.375000 0.250000
1.000000 0.375000 0.250000
0.000000 0.500000 0.250000
0.125000 0.500000 0.250000
0.250000 0.500000 0.250000
0.375000 0.500000 0.250000
0.500000 0.500000 0.250000
0.625000 0.500000 0.250000
0.750000 0.500000 0.250000
0.875000 0.500000 0.250000
1.000000 0.500000 0.250000
0.000000 0.625000 0.250000
0.125000 0.625000 0.250000
0.250000 0.625000 0.250000
0.375000 0.625000 0.250000
0.500000 0.625000 0.250000
0.625000 0.625000 0.250000
0.750000 0.625000 0.250000
0.875000 0.625000 0.250000
1.000000 0.625000 0.250000
0.000000 0.750000 0.250000
0.125000 0.750000 0.250000
0.250000 0.750000 0.250000
0.375000 0.750000 0.250000
0.500000 0.750000 0.250000
0.625000 0.750000 0.250000
0.750000 0.750000 0.250000
0.875000 0.750000 0.250000
1.000000 0.750000 0.250000
0.000000 0.875000 0.250000
0.125000 0.875000 0.250000
0.250000 0.875000 0.250000
0.375000 0.875000 0.250000
0.500000 0.875000 0.250000
0.625000 0.875000 0.250000
0.750000 0.875000 0.250000
0.875000 0.875000 0.250000
1.000000 0.875000 0.250000
0.000000 1.000000 0.250000
0.125000 1.000000 0.250000
0.250000 1.000000 0.250000
0.375000 1.000000 0.250000
0.500000 1.000000 0.250000
0.625000 1.000000 0.250000
0.750000 1.000000 0.250000
0.875000 1.000000 0.250000
1.000000 1.000000 0.250000
0.000000 0.000000 0.375000
0.125000 0.000000 0.375000
0.250000 0.000000 0.375000
0.375000 0.000000 0.375000
0.500000 0.000000 0.375000
0.625000 0.000000 0.375000
0.750000 0.000000 0.375000
0.875000 0.000000 0.375000
1.000000 0.000000 0.375000
0.000000 0.125000 0.375000
0.125000 0.125000 0.375000
0.250000 0.125000 0.375000
0.375000 0.125000 0.375000
0.500000 0.125000 0.375000
0.625000 0.125000 0.375000
0.750000 0.125000 0.375000
0.875000 0.125000 0.375000
1.000000 0.125000 0.375000
0.000000 0.250000 0.375000
0.125000 0.250000 0.375000
0.250000 0.250000 0.375000
0.375000 0.250000 0.375000
0.500000 0.250000 0.375000
0.625000 0.250000 0.375000
0.750000 0.250000 0.375000
0.875000 0.250000 0.375000
1.000000 0.250000 0.375000
0.000000 0.375000 0.375000
0.125000 0.375000 0.375000
0.250000 0.375000 0.375000
0.375000 0.375000 0.375000
0.500000 0.375000 0.375000
0.625000 0.375000 0.375000
0.750000 0.375000 0.375000
0.875000 0.375000 0.375000
1.000000 0.375000 0.375000
0.000000 0.500000 0.375000
0.125000 0.500000 0.375000
0.250000 0.500000 0.375000
0.375000 0.500000 0.375000
0.500000 0.500000 0.375000
0.625000 0.500000 0.375000
0.750000 0.500000 0.375000
0.875000 0.500000 0.375000
1.000000 0.500000 0.375000
0.000000 0.625000 0.375000
0.125000 0.625000 0.375000
0.250000 0.625000 0.375000
0.375000 0.625000 0.375000
0.500000 0.625000 0.375000
0.625000 0.625000 0.375000
0.750000 0.625000 0.375000
0.875000 0.625000 0.375000
1.000000 0.625000 0.375000
0.000000 0.750000 0.375000
0.125000 0.750000 0.375000
0.250000 0.750000 0.375000
0.375000 0.750000 0.375000
0.500000 0.750000 0.375000
0.625000 0.750000 0.375000
0.750000 0.750000 0.375000
0.875000 0.750000 0.375000
1.000000 0.750000 0.375000
0.000000 0.875000 0.375000
0.125000 0.875000 0.375000
0.250000 0.875000 0.375000
0.375000 0.875000 0.375000
0.500000 0.875000 0.375000
0.625000 0.875000 0.375000
0.750000 0.875000 0.375000
0.875000 0.875000 0.375000
1.000000 0.875000 0.375000
0.000000 1.000000 0.375000
0.125000 1.000000 0.375000
0.250000 1.000000 0.375000
0.375000 1.000000 0.375000
0.500000 1.000000 0.375000
0.625000 1.000000 0.375000
0.750000 1.000000 0.375000
0.875000 1.000000 0.375000
1.000000 1.000000 0.375000
0.000000 0.000000 0.500000
0.125000 0.000000 0.500000
0.250000 0.000000 0.500000
0.375000 0.000000 0.500000
0.500000 0.000000 0.500000
0.625000 0.000000 0.500000
0.750000 0.000000 0.500000
0.875000 0.000000 0.500000
1.000000 0.000000 0.500000
0.000000 0.125000 0.500000
0.125000 0.125000 0.500000
0.250000 0.125000 0.500000
0.375000 0.125000 0.500000
0.500000 0.125000 0.500000
0.625000 0.125000 0.500000
0.750000 0.125000 0.500000
0.875000 0.125000 0.500000
1.000000 0.125000 0.500000
0.000000 0.250000 0.500000
0.125000 0.250000 0.500000
0.250000 0.250000 0.500000
0.375000 0.250000 0.500000
0.500000 0.250000 0.500000
0.625000 0.250000 0.500000
0.750000 0.250000 0.500000
0.875000 0.250000 0.500000
1.000000 0.250000 0.500000
0.000000 0.375000 0.500000
0.125000 0.375000 0.500000
0.250000 0.375000 0.500000
0.375000 0.375000 0.500000
0.500000 0.375000 0.500000
0.625000 0.375000 0.500000
0.750000 0.375000 0.500000
0.875000 0.375000 0.500000
1.000000 0.375000 0.500000
0.000000 0.500000 0.500000
0.125000 0.500000 0.500000
0.250000 0.500000 0.500000
0.375000 0.500000 0.500000
0.500000 0.500000 0.500000
0.625000 0.500000 0.500000
0.750000 0.500000 0.500000
0.875000 0.500000 0.500000
1.000000 0.500000 0.500000
0.000000 0.625000 0.500000
0.125000 0.625000 0.500000
0.250000 0.625000 0.500000
0.375000 0.625000 0.500000
0.500000 0.625000 0.500000
0.625000 0.625000 0.500000
0.750000 0.625000 0.500000
0.875000 0.625000 0.500000
1.000000 0.625000 0.500000
0.000000 0.750000 0.500000
0.125000 0.750000 0.500000
0.250000 0.750000 0.500000
0.375000 0.750000 0.500000
0.500000 0.750000 0.500000
0.625000 0.750000 0.500000
0.750000 0.750000 0.500000
0.875000 0.750000 0.500000
1.000000 0.750000 0.500000
0.000000 0.875000 0.500000
0.125000 0.875000 0.500000
0.250000 0.875000 0.500000
0.375000 0.875000 0.500000
0.500000 0.875000 0.500000
0.625000 0.875000 0.500000
0.750000 0.875000 0.500000
0.875000 0.875000 0.500000
1.000000 0.875000 0.500000
0.000000 1.000000 0.500000
0.125000 1.000000 0.500000
0.250000 1.000000 0.500000
0.375000 1.000000 0.500000
0.500000 1.000000 0.500000
0.625000 1.000000 0.500000
0.750000 1.000000 0.500000
0.875000 1.000000 0.500000
1.000000 1.000000 0.500000
0.000000 0.000000 0.625000
0.125000 0.000000 0.625000
0.250000 0.000000 0.625000
0.375000 0.000000 0.625000
0.500000 0.000000 0.625000
0.625000 0.000000 0.625000
0.750000 0.000000 0.625000
0.875000 0.000000 0.625000
1.000000 0.000000 0.625000
0.000000 0.125000 0.625000
0.125000 0.125000 0.625000
0.250000 0.125000 0.625000
0.375000 0.125000 0.625000
0.500000 0.125000 0.625000
0.625000 0.125000 0.625000
0.750000 0.125000 0.625000
0.875000 0.125000 0.625000
1.000000 0.125000 0.625000
0.000000 0.250000 0.625000
0.125000 0.250000 0.625000
0.250000 0.250000 0.625000
0.375000 0.250000 0.625000
0.500000 0.250000 0.625000
0.625000 0.250000 0.625000
0.750000 0.250000 0.625000
0.875000 0.250000 0.625000
1.000000 0.250000 0.625000
0.000000 0.375000 0.625000
0.125000 0.375000 0.625000
0.250000 0.375000 0.625000
0.375000 0.375000 0.625000
0.500000 0.375000 0.625000
0.625000 0.375000 0.625000
0.750000 0.375000 0.625000
0.875000 0.375000 0.625000
1.000000 0.375000 0.625000
0.000000 0.500000 0.625000
0.125000 0.500000 0.625000
0.250000 0.500000 0.625000
0.375000 0.500000 0.625000
0.500000 0.500000 0.625000
0.625000 0.500000 0.625000
0.750000 0.500000 0.625000
0.875000 0.500000 0.625000
1.000000 0.500000 0.625000
0.000000 0.625000 0.625000
0.125000 0.625000 0.625000
0.250000 0.625000 0.625000
0.375000 0.625000 0.625000
0.500000 0.625000 0.625000
0.625000 0.625000 0.625000
0.750000 0.625000 0.625000
0.875000 0.625000 0.625000
1.000000 0.625000 0.625000
0.000000 0.750000 0.625000
0.125000 0.750000 0.625000
0.250000 0.750000 0.625000
0.375000 0.750000 0.625000
0.500000 0.750000 0.625000
0.625000 0.750000 0.625000
0.750000 0.750000 0.625000
0.875000 0.750000 0.625000
1.000000 0.750000 0.625000
0.000000 0.875000 0.625000
0.125000 0.875000 0.625000
0.250000 0.875000 0.625000
0.375000 0.875000 0.625000
0.500000 0.875000 0.625000
0.625000 0.875000 0.625000
0.750000 0.875000 0.625000
0.875000 0.875000 0.625000
1.000000 0.875000 0.625000
0.000000 1.000000 0.625000
0.125000 1.000000 0.625000
0.250000 1.000000 0.625000
0.375000 1.000000 0.625000
0.500000 1.000000 0.625000
0.625000 1.000000 0.625000
0.750000 1.000000 0.625000
0.875000 1.000000 0.625000
1.000000 1.000000 0.625000
0.000000 0.000000 0.750000
0.125000 0.000000 0.750000
0.250000 0.000000 0.750000
0.375000 0.000000 0.750000
0.500000 0.000000 0.750000
0.625000 0.000000 0.750000
0.750000 0.000000 0.750000
0.875000 0.000000 0.750000
1.000000 0.000000 0.750000
0.000000 0.125000 0.750000
0.125000 0.125000 0.750000
0.250000 0.125000 0.750000
0.375000 0.125000 0.750000
0.500000 0.125000 0.750000
0.625000 0.125000 0.750000
0.750000 0.125000 0.750000
0.875000 0.125000 0.750000
1.000000 0.125000 0.750000
0.000000 0.250000 0.750000
0.125000 0.250000 0.750000
0.250000 0.250000 0.750000
0.375000 0.250000 0.750000
0.500000 0.250000 0.750000
0.625000 0.250000 0.750000
0.750000 0.250000 0.750000
0.875000 0.250000 0.750000
1.000000 0.250000 0.750000
0.000000 0.375000 0.750000
0.125000 0.375000 0.750000
0.250000 0.375000 0.750000
0.375000 0.375000 0.750000
0.500000 0.375000 0.750000
0.625000 0.375000 0.750000
0.750000 0.375000 0.750000
0.875000 0.375000 0.750000
1.000000 0.375000 0.750000
0.000000 0.500000 0.750000
0.125000 0.500000 0.750000
0.250000 0.500000 0.750000
0.375000 0.500000 0.750000
0.500000 0.500000 0.750000
0.625000 0.500000 0.750000
0.750000 0.500000 0.750000
0.875000 0.500000 0.750000
1.000000 0.500000 0.750000
0.000000 0.625000 0.750000
0.125000 0.625000 0.750000
0.250000 0.625000 0.750000
0.375000 0.625000 0.750000
0.500000 0.625000 0.750000
0.625000 0.625000 0.750000
0.750000 0.625000 0.750000
0.875000 0.625000 0.750000
1.000000 0.625000 0.750000
0.000000 0.750000 0.750000
0.125000 0.750000 0.750000
0.250000 0.750000 0.750000
0.375000 0.750000 0.750000
0.500000 0.750000 0.750000
0.625000 0.750000 0.750000
0.750000 0.750000 0.750000
0.875000 0.750000 0.750000
1.000000 0.750000 0.750000
0.000000 0.875000 0.750000
0.125000 0.875000 0.750000
0.250000 0.875000 0.750000
0.375000 0.875000 0.750000
0.500000 0.875000 0.750000
0.625000 0.875000 0.750000
0.750000 0.875000 0.750000
0.875000 0.875000 0.750000
1.000000 0.875000 0.750000
0.000000 1.000000 0.750000
0.125000 1.000000 0.750000
0.250000 1.000000 0.750000
0.375000 1.000000 0.750000
0.500000 1.000000 0.750000
0.625000 1.000000 0.750000
0.750000 1.000000 0.750000
0.875000 1.000000 0.750000
1.000000 1.000000 0.750000
0.000000 0.000000 0.875000
0.125000 0.000000 0.875000
0.250000 0.000000 0.875000
0.375000 0.000000 0.875000
0.500000 0.000000 0.875000
0.625000 0.000000 0.875000
0.750000 0.000000 0.875000
0.875000 0.000000 0.875000
1.000000 0.000000 0.875000
0.000000 0.125000 0.875000
0.125000 0.125000 0.875000
0.250000 0.125000 0.875000
0.375000 0.125000 0.875000
0.500000 0.125000 0.875000
0.625000 0.125000 0.875000
0.750000 0.125000 0.875000
0.875000 0.125000 0.875000
1.000000 0.125000 0.875000
0.000000 0.250000 0.875000
0.125000 0.250000 0.875000
0.250000 0.250000 0.875000
0.375000 0.250000 0.875000
0.500000 0.250000 0.875000
0.625000 0.250000 0.875000
0.750000 0.250000 0.875000
0.875000 0.250000 0.875000
1.000000 0.250000 0.875000
0.000000 0.375000 0.875000
0.125000 0.375000 0.875000
0.250000 0.375000 0.875000
0.375000 0.375000 0.875000
0.500000 0.375000 0.875000
0.625000 0.375000 0.875000
0.750000 0.375000 0.875000
0.875000 0.375000 0.875000
1.000000 0.375000 0.875000
0.000000 0.500000 0.875000
0.125000 0.500000 0.875000
0.250000 0.500000 0.875000
0.375000 0.500000 0.875000
0.500000 0.500000 0.875000
0.625000 0.500000 0.875000
0.750000 0.500000 0.875000
0.875000 0.500000 0.875000
1.000000 0.500000 0.875000
0.000000 0.625000 0.875000
0.125000 0.625000 0.875000
0.250000 0.625000 0.875000
0.375000 0.625000 0.875000
0.500000 0.625000 0.875000
0.625000 0.625000 0.875000
0.750000 0.625000 0.875000
0.875000 0.625000 0.875000
1.000000 0.625000 0.875000
0.000000 0.750000 0.875000
0.125000 0.750000 0.875000
0.250000 0.750000 0.875000
0.375000 0.750000 0.875000
0.500000 0.750000 0.875000
0.625000 0.750000 0.875000
0.750000 0.750000 0.875000
0.875000 0.750000 0.875000
1.000000 0.750000 0.875000
0.000000 0.875000 0.875000
0.125000 0.875000 0.875000
0.250000 0.875000 0.875000
0.375000 0.875000 0.875000
0.500000 0.875000 0.875000
0.625000 0.875000 0.875000
0.750000 0.875000 0.875000
0.875000 0.875000 0.875000
1.000000 0.875000 0.875000
0.000000 1.000000 0.875000
0.125000 1.000000 0.875000
0.250000 1.000000 0.875000
0.375000 1.000000 0.875000
0.500000 1.000000 0.875000
0.625000 1.000000 0.875000
0.750000 1.000000 0.875000
0.875000 1.000000 0.875000
1.000000 1.000000 0.875000
0.000000 0.000000 1.000000
0.125000 0.000000 1.000000
0.250000 0.000000 1.000000
0.375000 0.000000 1.000000
0.500000 0.000000 1.000000
0.625000 0.000000 1.000000
0.750000 0.000000 1.000000
0.875000 0.000000 1.000000
1.000000 0.000000 1.000000
0.000000 0.125000 1.000000
0.125000 0.125000 1.000000
0.250000 0.125000 1.000000
0.375000 0.125000 1.000000
0.500000 0.125000 1.000000
0.625000 0.125000 1.000000
0.750000 0.125000 1.000000
0.875000 0.125000 1.000000
1.000000 0.125000 1.000000
0.000000 0.250000 1.000000
0.125000 0.250000 1.000000
0.250000 0.250000 1.000000
0.375000 0.250000 1.000000
0.500000 0.250000 1.000000
0.625000 0.250000 1.000000
0.750000 0.250000 1.000000
0.875000 0.250000 1.000000
1.000000 0.250000 1.000000
0.000000 0.375000 1.000000
0.125000 0.375000 1.000000
0.250000 0.375000 1.000000
0.375000 0.375000 1.000000
0.500000 0.375000 1.000000
0.625000 0.375000 1.000000
0.750000 0.375000 1.000000
0.875000 0.375000 1.000000
1.000000 0.375000 1.000000
0.000000 0.500000 1.000000
0.125000 0.500000 1.000000
0.250000 0.500000 1.000000
0.375000 0.500000 1.000000
0.500000 0.500000 1.000000
0.625000 0.500000 1.000000
0.750000 0.500000 1.000000
0.875000 0.500000 1.000000
1.000000 0.500000 1.000000
0.000000 0.625000 1.000000
0.125000 0.625000 1.000000
0.250000 0.625000 1.000000
0.375000 0.625000 1.000000
0.500000 0.625000 1.000000
0.625000 0.625000 1.000000
0.750000 0.625000 1.000000
0.875000 0.625000 1.000000
1.000000 0.625000 1.000000
0.000000 0.750000 1.000000
0.125000 0.750000 1.000000
0.250000 0.750000 1.000000
0.375000 0.750000 1.000000
0.500000 0.750000 1.000000
0.625000 0.750000 1.000000
0.750000 0.750000 1.000000
0.875000 0.750000 1.000000
1.000000 0.750000 1.000000
0.000000 0.875000 1.000000
0.125000 0.875000 1.000000
0.250000 0.875000 1.000000
0.375000 0.875000 1.000000
0.500000 0.875000 1.000000
0.625000 0.875000 1.000000
0.750000 0.875000 1.000000
0.875000 0.875000 1.000000
1.000000 0.875000 1.000000
0.000000 1.000000 1.000000
0.125000 1.000000 1.000000
0.250000 1.000000 1.000000
0.375000 1.000000 1.000000
0.500000 1.000000 1.000000
0.625000 1.000000 1.000000
0.750000 1.000000 1.000000
0.875000 1.000000 1.000000
1.000000 1.000000 1.000000
512
12 0 1 10 9 81 82 91 90
12 1 2 11 10 82 83 92 91
12 2 3 12 11 83 84 93 92
12 3 4 13 12 84 85 94 93
12 4 5 14 13 85 86 95 94
12 5 6 15 14 86 87 96 95
12 6 7 16 15 87 88 97 96
12 7 8 17 16 88 89 98 97
12 9 10 19 18 90 91 100 99
12 10 11 20 19 91 92 101 100
12 11 12 21 20 92 93 102 101
12 12 13 22 21 93 94 103 102
12 13 14 23 22 94 95 104 103
12 14 15 24 23 95 96 105 104
12 15 16 25 24 96 97 106 105
12 16 17 26 25 97 98 107 106
12 18 19 28 27 99 100 109 108
12 19 20 29 28 100 101 110 109
12 20 21 30 29 101 102 111 110
12 21 22 31 30 102 103 112 111
12 22 23 32 31 103 104 113 112
12 23 24 33 32 104 105 114 113
12 24 25 34 33 105 106 115 114
12 25 26 35 34 106 107 116 115
12 27 28 37 36 108 109 118 117
12 28 29 38 37 109 110 119 118
12 29 30 39 38 110 111 120 119
12 30 31 40 39 111 112 121 120
12 31 32 41 40 112 113 122 121
12 32 33 42 41 113 114 123 122
12 33 34 43 42 114 115 124 123
12 34 35 44 43 115 116 125 124
12 36 37 46 45 117 118 127 126
12 37 38 47 46 118 119 128 127
12 38 39 48 47 119 120 129 128
12 39 40 49 48 120 121 130 129
12 40 41 50 49 121 122 131 130
12 41 42 51 50 122 123 132 131
12 42 43 52 51 123 124 133 132
12 43 44 53 52 124 125 134 133
12 45 46 55 54 126 127 136 135
12 46 47 56 55 127 128 137 136
12 47 48 57 56 128 129 138 137
12 48 49 58 57 129 130 139 138
12 49 50 59 58 130 131 140 139
12 50 51 60 59 131 132 141 140
12 51 52 61 60 132 133 142 141
12 52 53 62 61 133 134 143 142
12 54 55 64 63 135 136 145 144
12 55 56 65 64 136 137 146 145
12 56 57 66 65 137 138 147 146
12 57 58 67 66 138 139 148 147
12 58 59 68 67 139 140 149 148
12 59 60 69 68 140 141 150 149
12 60 61 70 69 141 142 151 150
12 61 62 71 70 142 143 152 151
12 63 64 73 72 144 145 154 153
12 64 65 74 73 145 146 155 154
12 65 66 75 74 146 147 156 155
12 66 67 76 75 147 148 157 156
12 67 68 77 76 148 149 158 157
12 68 69 78 77 149 150 159 158
12 69 70 79 78 150 151 160 159
12 70 71 80 79 151 152 161 160
12 81 82 91 90 162 163 172 171
12 82 83 92 91 163 164 173 172
12 83 84 93 92 164 165 174 173
12 84 85 94 93 165 166 175 174
12 85 86 95 94 166 167 176 175
12 86 87 96 95 167 168 177 176
12 87 88 97 96 168 169 178 177
12 88 89 98 97 169 170 179 178
12 90 91 100 99 171 172 181 180
12 91 92 101 100 172 173 182 181
12 92 93 102 101 173 174 183 182
12 93 94 103 102 174 175 184 183
12 94 95 104 103 175 176 185 184
12 95 96 105 104 176 177 186 185
12 96 97 106 105 177 178 187 186
12 97 98 107 106 178 179 188 187
12 99 100 109 108 180 181 190 189
12 100 101 110 109 181 182 191 190
12 101 102 111 110 182 183 192 191
12 102 103 112 111 183 184 193 192
12 103 104 113 112 184 185 194 193
12 104 105 114 113 185 186 195 194
12 105 106 115 114 186 187 196 195
12 106 107 116 115 187 188 197 196
12 108 109 118 117 189 190 199 198
12 109 110 119 118 190 191 200 199
12 110 111 120 119 191 192 201 200
12 111 112 121 120 192 193 202 201
12 112 113 122 121 193 194 203 202
12 113 114 123 122 194 195 204 203
12 114 115 124 123 195 196 205 204
12 115 116 125 124 196 197 206 205
12 117 118 127 126 198 199 208 207
12 118 119 128 127 199 200 209 208
12 119 120 129 128 200 201 210 209
12 120 121 130 129 201 202 211 210
12 121 122 131 130 202 203 212 211
12 122 123 132 131 203 204 213 212
12 123 124 133 132 204 205 214 213
12 124 125 134 133 205 206 215 214
12 126 127 136 135 207 208 217 216
12 127 128 137 136 208 209 218 217
12 128 129 138 137 209 210 219 218
12 129 130 139 138 210 211 220 219
12 130 131 140 139 211 212 221 220
12 131 132 141 140 212 213 222 221
12 132 133 142 141 213 214 223 222
12 133 134 143 142 214 215 224 223
12 135 136 145 144 216 217 226 225
12 136 137 146 145 217 218 227 226
12 137 138 147 146 218 219 228 227
12 138 139 148 147 219 220 229 228
12 139 140 149 148 220 221 230 229
12 140 141 150 149 221 222 231 230
12 141 142 151 150 222 223 232 231
12 142 143 152 151 223 224 233 232
12 144 145 154 153 225 226 235 234
12 145 146 155 154 226 227 236 235
12 146 147 156 155 227 228 237 236
12 147 148 157 156 228 229 238 237
12 148 149 158 157 229 230 239 238
12 149 150 159 158 230 231 240 239
12 150 151 160 159 231 232 241 240
12 151 152 161 160 232 233 242 241
12 162 163 172 171 243 244 253 252
12 163 164 173 172 244 245 254 253
12 164 165 174 173 245 246 255 254
12 165 166 175 174 246 247 256 255
12 166 167 176 175 247 248 257 256
12 167 168 177 176 248 249 258 257
12 168 169 178 177 249 250 259 258
12 169 170 179 178 250 251 260 259
12 171 172 181 180 252 253 262 261
12 172 173 182 181 253 254 263 262
12 173 174 183 182 254 255 264 263
12 174 175 184 183 255 256 265 264
12 175 176 185 184 256 257 266 265
12 176 177 186 185 257 258 267 266
12 177 178 187 186 258 259 268 267
12 178 179 188 187 259 260 269 268
12 180 181 190 189 261 262 271 270
12 181 182 191 190 262 263 272 271
12 182 183 192 191 263 264 273 272
12 183 184 193 192 264 265 274 273
12 184 185 194 193 265 266 275 274
12 185 186 195 194 266 267 276 275
12 186 187 196 195 267 268 277 276
12 187 188 197 196 268 269 278 277
12 189 190 199 198 270 271 280 279
12 190 191 200 199 271 272 281 280
12 191 192 201 200 272 273 282 281
12 192 193 202 201 273 274 283 282
12 193 194 203 202 274 275 284 283
12 194 195 204 203 275 276 285 284
12 195 196 205 204 276 277 286 285
12 196 197 206 205 277 278 287 286
12 198 199 208 207 279 280 289 288
12 199 200 209 208 280 281 290 289
12 200 201 210 209 281 282 291 290
12 201 202 211 210 282 283 292 291
12 202 203 212 211 283 284 293 292
12 203 204 213 212 284 285 294 293
12 204 205 214 213 285 286 295 294
12 205 206 215 214 286 287 296 295
12 207 208 217 216 288 289 298 297
12 208 209 218 217 289 290 299 298
12 209 210 219 218 290 291 300 299
12 210 211 220 219 291 292 301 300
12 211 212 221 220 292 293 302 301
12 212 213 222 221 293 294 303 302
12 213 214 223 222 294 295 304 303
12 214 215 224 223 295 296 305 304
12 216 217 226 225 297 298 307 306
12 217 218 227 226 298 299 308 307
12 218 219 228 227 299 300 309 308
12 219 220 229 228 300 301 310 309
12 220 221 230 229 301 302 311 310
12 221 222 231 230 302 303 312 311
12 222 223 232 231 303 304 313 312
12 223 224 233 232 304 305 314 313
12 225 226 235 234 306 307 316 315
12 226 227 236 235 307 308 317 316
12 227 228 237 236 308 309 318 317
12 228 229 238 237 309 310 319 318
12 229 230 239 238 310 311 320 319
12 230 231 240 239 311 312 321 320
12 231 232 241 240 312 313 322 321
12 232 233 242 241 313 314 323 322
12 243 244 253 252 324 325 334 333
12 244 245 254 253 325 326 335 334
12 245 246 255 254 326 327 336 335
12 246 247 256 255 327 328 337 336
12 247 248 257 256 328 329 338 337
12 248 249 258 257 329 330 339 338
12 249 250 259 258 330 331 340 339
12 250 251 260 259 331 332 341 340
12 252 253 262 261 333 334 343 342
12 253 254 263 262 334 335 344 343
12 254 255 264 263 335 336 345 344
12 255 256 265 264 336 337 346 345
12 256 257 266 265 337 338 347 346
12 257 258 267 266 338 339 348 347
12 258 259 268 267 339 340 349 348
12 259 260 269 268 340 341 350 349
12 261 262 271 270 342 343 352 351
12 262 263 272 271 343 344 353 352
12 263 264 273 272 344 345 354 353
12 264 265 274 273 345 346 355 354
12 265 266 275 274 346 347 356 355
12 266 267 276 275 347 348 357 356
12 267 268 277 276 348 349 358 357
12 268 269 278 277 349 350 359 358
12 270 271 280 279 351 352 361 360
12 271 272 281 280 352 353 362 361
12 272 273 282 281 353 354 363 362
12 273 274 283 282 354 355 364 363
12 274 275 284 283 355 356 365 364
12 275 276 285 284 356 357 366 365
12 276 277 286 285 357 358 367 366
12 277 278 287 286 358 359 368 367
12 279 280 289 288 360 361 370 369
12 280 281 290 289 361 362 371 370
12 281 282 291 290 362 363 372 371
12 282 283 292 291 363 364 373 372
12 283 284 293 292 364 365 374 373
12 284 285 294 293 365 366 375 374
12 285 286 295 294 366 367 376 375
12 286 287 296 295 367 368 377 376
12 288 289 298 297 369 370 379 378
12 289 290 299 298 370 371 380 379
12 290 291 300 299 371 372 381 380
12 291 292 301 300 372 373 382 381
12 292 293 302 301 373 374 383 382
12 293 294 303 302 374 375 384 383
12 294 295 304 303 375 376 385 384
12 295 296 305 304 376 377 386 385
12 297 298 307 306 378 379 388 387
12 298 299 308 307 379 380 389 388
12 299 300 309 308 380 381 390 389
12 300 301 310 309 381 382 391 390
12 301 302 311 310 382 383 392 391
12 302 303 312 311 383 384 393 392
12 303 304 313 312 384 385 394 393
12 304 305 314 313 385 386 395 394
12 306 307 316 315 387 388 397 396
12 307 308 317 316 388 389 398 397
12 308 309 318 317 389 390 399 398
12 309 310 319 318 390 391 400 399
12 310 311 320 319 391 392 401 400
12 311 312 321 320 392 393 402 401
12 312 313 322 321 393 394 403 402
12 313 314 323 322 394 395 404 403
12 324 325 334 333 405 406 415 414
12 325 326 335 334 406 407 416 415
12 326 327 336 335 407 408 417 416
12 327 328 337 336 408 409 418 417
12 328 329 338 337 409 410 419 418
12 329 330 339 338 410 411 420 419
12 330 331 340 339 411 412 421 420
12 331 332 341 340 412 413 422 421
12 333 334 343 342 414 415 424 423
12 334 335 344 343 415 416 425 424
12 335 336 345 344 416 417 426 425
12 336 337 346 345 417 418 427 426
12 337 338 347 346 418 419 428 427
12 338 339 348 347 419 420 429 428
12 339 340 349 348 420 421 430 429
12 340 341 350 349 421 422 431 430
12 342 343 352 351 423 424 433 432
12 343 344 353 352 424 425 434 433
12 344 345 354 353 425 426 435 434
12 345 346 355 354 426 427 436 435
12 346 347 356 355 427 428 437 436
12 347 348 357 356 428 429 438 437
12 348 349 358 357 429 430 439 438
12 349 350 359 358 430 431 440 439
12 351 352 361 360 432 433 442 441
12 352 353 362 361 433 434 443 442
12 353 354 363 362 434 435 444 443
12 354 355 364 363 435 436 445 444
12 355 356 365 364 436 437 446 445
12 356 357 366 365 437 438 447 446
12 357 358 367 366 438 439 448 447
12 358 359 368 367 439 440 449 448
12 360 361 370 369 441 442 451 450
12 361 362 371 370 442 443 452 451
12 362 363 372 371 443 444 453 452
12 363 364 373 372 444 445 454 453
12 364 365 374 373 445 446 455 454
12 365 366 375 374 446 447 456 455
12 366 367 376 375 447 448 457 456
12 367 368 377 376 448 449 458 457
12 369 370 379 378 450 451 460 459
12 370 371 380 379 451 452 461 460
12 371 372 381 380 452 453 462 461
12 372 373 382 381 453 454 463 462
12 373 374 383 382 454 455 464 463
12 374 375 384 383 455 456 465 464
12 375 376 385 384 456 457 466 465
12 376 377 386 385 457 458 467 466
12 378 379 388 387 459 460 469 468
12 379 380 389 388 460 461 470 469
12 380 381 390 389 461 462 471 470
12 381 382 391 390 462 463 472 471
12 382 383 392 391 463 464 473 472
12 383 384 393 392 464 465 474 473
12 384 385 394 393 465 466 475 474
12 385 386 395 394 466 467 476 475
12 387 388 397 396 468 469 478 477
12 388 389 398 397 469 470 479 478
12 389 390 399 398 470 471 480 479
12 390 391 400 399 471 472 481 480
12 391 392 401 400 472 473 482 481
12 392 393 402 401 473 474 483 482
12 393 394 403 402 474 475 484 483
12 394 395 404 403 475 476 485 484
12 405 406 415 414 486 487 496 495
12 406 407 416 415 487 488 497 496
12 407 408 417 416 488 489 498 497
12 408 409 418 417 489 490 499 498
12 409 410 419 418 490 491 500 499
12 410 411 420 419 491 492 501 500
12 411 412 421 420 492 493 502 501
12 412 413 422 421 493 494 503 502
12 414 415 424 423 495 496 505 504
12 415 416 425 424 496 497 506 505
12 416 417 426 425 497 498 507 506
12 417 418 427 426 498 499 508 507
12 418 419 428 427 499 500 509 508
12 419 420 429 428 500 501 510 509
12 420 421 430 429 501 502 511 510
12 421 422 431 430 502 503 512 511
12 423 424 433 432 504 505 514 513
12 424 425 434 433 505 506 515 514
12 425 426 435 434 506 507 516 515
12 426 427 436 435 507 508 517 516
12 427 428 437 436 508 509 518 517
12 428 429 438 437 509 510 519 518
12 429 430 439 438 510 511 520 519
12 430 431 440 439 511 512 521 520
12 432 433 442 441 513 514 523 522
12 433 434 443 442 514 515 524 523
12 434 435 444 443 515 516 525 524
12 435 436 445 444 516 517 526 525
12 436 437 446 445 517 518 527 526
12 437 438 447 446 518 519 528 527
12 438 439 448 447 519 520 529 528
12 439 440 449 448 520 521 530 529
12 441 442 451 450 522 523 532 531
12 442 443 452 451 523 524 533 532
12 443 444 453 452 524 525 534 533
12 444 445 454 453 525 526 535 534
12 445 446 455 454 526 527 536 535
12 446 447 456 455 527 528 537 536
12 447 448 457 456 528 529 538 537
12 448 449 458 457 529 530 539 538
12 450 451 460 459 531 532 541 540
12 451 452 461 460 532 533 542 541
12 452 453 462 461 533 534 543 542
12 453 454 463 462 534 535 544 543
12 454 455 464 463 535 536 545 544
12 455 456 465 464 536 537 546 545
12 456 457 466 465 537 538 547 546
12 457 458 467 466 538 539 548 547
12 459 460 469 468 540 541 550 549
12 460 461 470 469 541 542 551 550
12 461 462 471 470 542 543 552 551
12 462 463 472 471 543 544 553 552
12 463 464 473 472 544 545 554 553
12 464 465 474 473 545 546 555 554
12 465 466 475 474 546 547 556 555
12 466 467 476 475 547 548 557 556
12 468 469 478 477 549 550 559 558
12 469 470 479 478 550 551 560 559
12 470 471 480 479 551 552 561 560
12 471 472 481 480 552 553 562 561
12 472 473 482 481 553 554 563 562
12 473 474 483 482 554 555 564 563
12 474 475 484 483 555 556 565 564
12 475 476 485 484 556 557 566 565
12 486 487 496 495 567 568 577 576
12 487 488 497 496 568 569 578 577
12 488 489 498 497 569 570 579 578
12 489 490 499 498 570 571 580 579
12 490 491 500 499 571 572 581 580
12 491 492 501 500 572 573 582 581
12 492 493 502 501 573 574 583 582
12 493 494 503 502 574 575 584 583
12 495 496 505 504 576 577 586 585
12 496 497 506 505 577 578 587 586
12 497 498 507 506 578 579 588 587
12 498 499 508 507 579 580 589 588
12 499 500 509 508 580 581 590 589
12 500 501 510 509 581 582 591 590
12 501 502 511 510 582 583 592 591
12 502 503 512 511 583 584 593 592
12 504 505 514 513 585 586 595 594
12 505 506 515 514 586 587 596 595
12 506 507 516 515 587 588 597 596
12 507 508 517 516 588 589 598 597
12 508 509 518 517 589 590 599 598
12 509 510 519 518 590 591 600 599
12 510 511 520 519 591 592 601 600
12 511 512 521 520 592 593 602 601
12 513 514 523 522 594 595 604 603
12 514 515 524 523 595 596 605 604
12 515 516 525 524 596 597 606 605
12 516 517 526 525 597 598 607 606
12 517 518 527 526 598 599 608 607
12 518 519 528 527 599 600 609 608
12 519 520 529 528 600 601 610 609
12 520 521 530 529 601 602 611 610
12 522 523 532 531 603 604 613 612
12 523 524 533 532 604 605 614 613
12 524 525 534 533 605 606 615 614
12 525 526 535 534 606 607 616 615
12 526 527 536 535 607 608 617 616
12 527 528 537 536 608 609 618 617
12 528 529 538 537 609 610 619 618
12 529 530 539 538 610 611 620 619
12 531 532 541 540 612 613 622 621
12 532 533 542 541 613 614 623 622
12 533 534 543 542 614 615 624 623
12 534 535 544 543 615 616 625 624
12 535 536 545 544 616 617 626 625
12 536 537 546 545 617 618 627 626
12 537 538 547 546 618 619 628 627
12 538 539 548 547 619 620 629 628
12 540 541 550 549 621 622 631 630
12 541 542 551 550 622 623 632 631
12 542 543 552 551 623 624 633 632
12 543 544 553 552 624 625 634 633
12 544 545 554 553 625 626 635 634
12 545 546 555 554 626 627 636 635
12 546 547 556 555 627 628 637 636
12 547 548 557 556 628 629 638 637
12 549 550 559 558 630 631 640 639
12 550 551 560 559 631 632 641 640
12 551 552 561 560 632 633 642 641
12 552 553 562 561 633 634 643 642
12 553 554 563 562 634 635 644 643
12 554 555 564 563 635 636 645 644
12 555 556 565 564 636 637 646 645
12 556 557 566 565 637 638 647 646
12 567 568 577 576 648 649 658 657
12 568 569 578 577 649 650 659 658
12 569 570 579 578 650 651 660 659
12 570 571 580 579 651 652 661 660
12 571 572 581 580 652 653 662 661
12 572 573 582 581 653 654 663 662
12 573 574 583 582 654 655 664 663
12 574 575 584 583 655 656 665 664
12 576 577 586 585 657 658 667 666
12 577 578 587 586 658 659 668 667
12 578 579 588 587 659 660 669 668
12 579 580 589 588 660 661 670 669
12 580 581 590 589 661 662 671 670
12 581 582 591 590 662 663 672 671
12 582 583 592 591 663 664 673 672
12 583 584 593 592 664 665 674 673
12 585 586 595 594 666 667 676 675
12 586 587 596 595 667 668 677 676
12 587 588 597 596 668 669 678 677
12 588 589 598 597 669 670 679 678
12 589 590 599 598 670 671 680 679
12 590 591 600 599 671 672 681 680
12 591 592 601 600 672 673 682 681
12 592 593 602 601 673 674 683 682
12 594 595 604 603 675 676 685 684
12 595 596 605 604 676 677 686 685
12 596 597 606 605 677 678 687 686
12 597 598 607 606 678 679 688 687
12 598 599 608 607 679 680 689 688
12 599 600 609 608 680 681 690 689
12 600 601 610 609 681 682 691 690
12 601 602 611 610 682 683 692 691
12 603 604 613 612 684 685 694 693
12 604 605 614 613 685 686 695 694
12 605 606 615 614 686 687 696 695
12 606 607 616 615 687 688 697 696
12 607 608 617 616 688 689 698 697
12 608 609 618 617 689 690 699 698
12 609 610 619 618 690 691 700 699
12 610 611 620 619 691 692 701 700
12 612 613 622 621 693 694 703 702
12 613 614 623 622 694 695 704 703
12 614 615 624 623 695 696 705 704
12 615 616 625 624 696 697 706 705
12 616 617 626 625 697 698 707 706
12 617 618 627 626 698 699 708 707
12 618 619 628 627 699 700 709 708
12 619 620 629 628 700 701 710 709
12 621 622 631 630 702 703 712 711
12 622 623 632 631 703 704 713 712
12 623 624 633 632 704 705 714 713
12 624 625 634 633 705 706 715 714
12 625 626 635 634 706 707 716 715
12 626 627 636 635 707 708 717 716
12 627 628 637 636 708 709 718 717
12 628 629 638 637 709 710 719 718
12 630 631 640 639 711 712 721 720
12 631 632 641 640 712 713 722 721
12 632 633 642 641 713 714 723 722
12 633 634 643 642 714 715 724 723
12 634 635 644 643 715 716 725 724
12 635 636 645 644 716 717 726 725
12 636 637 646 645 717 718 727 726
12 637 638 647 646 718 719 728 727