27
0.000000 0.000000 0.000000
1.000000 0.000000 0.000000
1.000000 1.000000 0.000000
0.000000 1.000000 0.000000
0.000000 0.000000 1.000000
1.000000 0.000000 1.000000
1.000000 1.000000 1.000000
0.000000 1.000000 1.000000
0.500000 0.000000 0.000000
1.000000 0.500000 0.000000
0.500000 1.000000 0.000000
0.000000 0.500000 0.000000
0.500000 0.000000 1.000000
1.000000 0.500000 1.000000
0.500000 1.000000 1.000000
0.000000 0.500000 1.000000
0.000000 0.000000 0.500000
1.000000 0.000000 0.500000
1.000000 1.000000 0.500000
0.000000 1.000000 0.500000
0.000000 0.500000 0.500000
1.000000 0.500000 0.500000
0.500000 0.000000 0.500000
0.500000 1.000000 0.500000
0.500000 0.500000 0.000000
0.500000 0.500000 1.000000
0.500000 0.500000 0.500000
1
27
0
1
2
3
4
5
6
7
8
9
10
11
12
13
14
15
16
17
18
19
20
21
22
23
24
25
26
