125
0.000000 0.000000 0.000000
0.250000 0.000000 0.000000
0.500000 0.000000 0.000000
0.750000 0.000000 0.000000
1.000000 0.000000 0.000000
0.000000 0.250000 0.000000
0.250000 0.250000 0.000000
0.500000 0.250000 0.000000
0.750000 0.250000 0.000000
1.000000 0.250000 0.000000
0.000000 0.500000 0.000000
0.250000 0.500000 0.000000
0.500000 0.500000 0.000000
0.750000 0.500000 0.000000
1.000000 0.500000 0.000000
0.000000 0.750000 0.000000
0.250000 0.750000 0.000000
0.500000 0.750000 0.000000
0.750000 0.750000 0.000000
1.000000 0.750000 0.000000
0.000000 1.000000 0.000000
0.250000 1.000000 0.000000
0.500000 1.000000 0.000000
0.750000 1.000000 0.000000
1.000000 1.000000 0.000000
0.000000 0.000000 0.250000
0.250000 0.000000 0.250000
0.500000 0.000000 0.250000
0.750000 0.000000 0.250000
1.000000 0.000000 0.250000
0.000000 0.250000 0.250000
0.250000 0.250000 0.250000
0.500000 0.250000 0.250000
0.750000 0.250000 0.250000
1.000000 0.250000 0.250000
0.000000 0.500000 0.250000
0.250000 0.500000 0.250000
0.500000 0.500000 0.250000
0.750000 0.500000 0.250000
1.000000 0.500000 0.250000
0.000000 0.750000 0.250000
0.250000 0.750000 0.250000
0.500000 0.750000 0.250000
0.750000 0.750000 0.250000
1.000000 0.750000 0.250000
0.000000 1.000000 0.250000
0.250000 1.000000 0.250000
0.500000 1.000000 0.250000
0.750000 1.000000 0.250000
1.000000 1.000000 0.250000
0.000000 0.000000 0.500000
0.250000 0.000000 0.500000
0.500000 0.000000 0.500000
0.750000 0.000000 0.500000
1.000000 0.000000 0.500000
0.000000 0.250000 0.500000
0.250000 0.250000 0.500000
0.500000 0.250000 0.500000
0.750000 0.250000 0.500000
1.000000 0.250000 0.500000
0.000000 0.500000 0.500000
0.250000 0.500000 0.500000
0.500000 0.500000 0.500000
0.750000 0.500000 0.500000
1.000000 0.500000 0.500000
0.000000 0.750000 0.500000
0.250000 0.750000 0.500000
0.500000 0.750000 0.500000
0.750000 0.750000 0.500000
1.000000 0.750000 0.500000
0.000000 1.000000 0.500000
0.250000 1.000000 0.500000
0.500000 1.000000 0.500000
0.750000 1.000000 0.500000
1.000000 1.000000 0.500000
0.000000 0.000000 0.750000
0.250000 0.000000 0.750000
0.500000 0.000000 0.750000
0.750000 0.000000 0.750000
1.000000 0.000000 0.750000
0.000000 0.250000 0.750000
0.250000 0.250000 0.750000
0.500000 0.250000 0.750000
0.750000 0.250000 0.750000
1.000000 0.250000 0.750000
0.000000 0.500000 0.750000
0.250000 0.500000 0.750000
0.500000 0.500000 0.750000
0.750000 0.500000 0.750000
1.000000 0.500000 0.750000
0.000000 0.750000 0.750000
0.250000 0.750000 0.750000
0.500000 0.750000 0.750000
0.750000 0.750000 0.750000
1.000000 0.750000 0.750000
0.000000 1.000000 0.750000
0.250000 1.000000 0.750000
0.500000 1.000000 0.750000
0.750000 1.000000 0.750000
1.000000 1.000000 0.750000
0.000000 0.000000 1.000000
0.250000 0.000000 1.000000
0.500000 0.000000 1.000000
0.750000 0.000000 1.000000
1.000000 0.000000 1.000000
0.000000 0.250000 1.000000
0.250000 0.250000 1.000000
0.500000 0.250000 1.000000
0.750000 0.250000 1.000000
1.000000 0.250000 1.000000
0.000000 0.500000 1.000000
0.250000 0.500000 1.000000
0.500000 0.500000 1.000000
0.750000 0.500000 1.000000
1.000000 0.500000 1.000000
0.000000 0.750000 1.000000
0.250000 0.750000 1.000000
0.500000 0.750000 1.000000
0.750000 0.750000 1.000000
1.000000 0.750000 1.000000
0.000000 1.000000 1.000000
0.250000 1.000000 1.000000
0.500000 1.000000 1.000000
0.750000 1.000000 1.000000
1.000000 1.000000 1.000000
64
12 0 1 6 5 25 26 31 30
12 1 2 7 6 26 27 32 31
12 2 3 8 7 27 28 33 32
12 3 4 9 8 28 29 34 33
12 5 6 11 10 30 31 36 35
12 6 7 12 11 31 32 37 36
12 7 8 13 12 32 33 38 37
12 8 9 14 13 33 34 39 38
12 10 11 16 15 35 36 41 40
12 11 12 17 16 36 37 42 41
12 12 13 18 17 37 38 43 42
12 13 14 19 18 38 39 44 43
12 15 16 21 20 40 41 46 45
12 16 17 22 21 41 42 47 46
12 17 18 23 22 42 43 48 47
12 18 19 24 23 43 44 49 48
12 25 26 31 30 50 51 56 55
12 26 27 32 31 51 52 57 56
12 27 28 33 32 52 53 58 57
12 28 29 34 33 53 54 59 58
12 30 31 36 35 55 56 61 60
12 31 32 37 36 56 57 62 61
12 32 33 38 37 57 58 63 62
12 33 34 39 38 58 59 64 63
12 35 36 41 40 60 61 66 65
12 36 37 42 41 61 62 67 66
12 37 38 43 42 62 63 68 67
12 38 39 44 43 63 64 69 68
12 40 41 46 45 65 66 71 70
12 41 42 47 46 66 67 72 71
12 42 43 48 47 67 68 73 72
12 43 44 49 48 68 69 74 73
12 50 51 56 55 75 76 81 80
12 51 52 57 56 76 77 82 81
12 52 53 58 57 77 78 83 82
12 53 54 59 58 78 79 84 83
12 55 56 61 60 80 81 86 85
12 56 57 62 61 81 82 87 86
12 57 58 63 62 82 83 88 87
12 58 59 64 63 83 84 89 88
12 60 61 66 65 85 86 91 90
12 61 62 67 66 86 87 92 91
12 62 63 68 67 87 88 93 92
12 63 64 69 68 88 89 94 93
12 65 66 71 70 90 91 96 95
12 66 67 72 71 91 92 97 96
12 67 68 73 72 92 93 98 97
12 68 69 74 73 93 94 99 98
12 75 76 81 80 100 101 106 105
12 76 77 82 81 101 102 107 106
12 77 78 83 82 102 103 108 107
12 78 79 84 83 103 104 109 108
12 80 81 86 85 105 106 111 110
12 81 82 87 86 106 107 112 111
12 82 83 88 87 107 108 113 112
12 83 84 89 88 108 109 114 113
12 85 86 91 90 110 111 116 115
12 86 87 92 91 111 112 117 116
12 87 88 93 92 112 113 118 117
12 88 89 94 93 113 114 119 118
12 90 91 96 95 115 116 121 120
12 91 92 97 96 116 117 122 121
12 92 93 98 97 117 118 123 122
12 93 94 99 98 118 119 124 123