27
0.000000 0.000000 0.000000
0.500000 0.000000 0.000000
1.000000 0.000000 0.000000
0.000000 0.500000 0.000000
0.500000 0.500000 0.000000
1.000000 0.500000 0.000000
0.000000 1.000000 0.000000
0.500000 1.000000 0.000000
1.000000 1.000000 0.000000
0.000000 0.000000 0.500000
0.500000 0.000000 0.500000
1.000000 0.000000 0.500000
0.000000 0.500000 0.500000
0.500000 0.500000 0.500000
1.000000 0.500000 0.500000
0.000000 1.000000 0.500000
0.500000 1.000000 0.500000
1.000000 1.000000 0.500000
0.000000 0.000000 1.000000
0.500000 0.000000 1.000000
1.000000 0.000000 1.000000
0.000000 0.500000 1.000000
0.500000 0.500000 1.000000
1.000000 0.500000 1.000000
0.000000 1.000000 1.000000
0.500000 1.000000 1.000000
1.000000 1.000000 1.000000
8
12 0 1 4 3 9 10 13 12
12 1 2 5 4 10 11 14 13
12 3 4 7 6 12 13 16 15
12 4 5 8 7 13 14 17 16
12 9 10 13 12 18 19 22 21
12 10 11 14 13 19 20 23 22
12 12 13 16 15 21 22 25 24
12 13 14 17 16 22 23 26 25