18
  0.000000E+00 ,  0.000000E+00 ,  0.000000E+00 
  5.000000E-01 ,  0.000000E+00 ,  0.000000E+00 
  0.000000E+00 ,  5.000000E-01 ,  0.000000E+00 
  0.000000E+00 ,  0.000000E+00 ,  5.000000E-01 
  5.000000E-01 ,  0.000000E+00 ,  5.000000E-01 
  0.000000E+00 ,  5.000000E-01 ,  5.000000E-01 
  1.000000E+00 ,  0.000000E+00 ,  0.000000E+00 
  5.000000E-01 ,  5.000000E-01 ,  0.000000E+00 
  1.000000E+00 ,  0.000000E+00 ,  5.000000E-01 
  5.000000E-01 ,  5.000000E-01 ,  5.000000E-01 
  0.000000E+00 ,  1.000000E+00 ,  0.000000E+00 
  0.000000E+00 ,  1.000000E+00 ,  5.000000E-01 
  0.000000E+00 ,  0.000000E+00 ,  1.000000E+00 
  5.000000E-01 ,  0.000000E+00 ,  1.000000E+00 
  0.000000E+00 ,  5.000000E-01 ,  1.000000E+00 
  1.000000E+00 ,  0.000000E+00 ,  1.000000E+00 
  5.000000E-01 ,  5.000000E-01 ,  1.000000E+00 
  0.000000E+00 ,  1.000000E+00 ,  1.000000E+00 
8
 13       0        1        2        3        4        5  
 13       1        6        7        4        8        9  
 13       2        7       10        5        9       11  
 13       7        2        1        9        5        4  
 13       3        4        5       12       13       14  
 13       4        8        9       13       15       16  
 13       5        9       11       14       16       17  
 13       9        5        4       16       14       13  
