18
  0.000000E+00 ,  0.000000E+00 ,  0.000000E+00 
  1.000000E+00 ,  0.000000E+00 ,  0.000000E+00 
  0.000000E+00 ,  1.000000E+00 ,  0.000000E+00 
  0.000000E+00 ,  0.000000E+00 ,  1.000000E+00 
  1.000000E+00 ,  0.000000E+00 ,  1.000000E+00 
  0.000000E+00 ,  1.000000E+00 ,  1.000000E+00
  0.500000E+00 ,  0.000000E+00 ,  0.000000E+00
  0.500000E+00 ,  0.500000E+00 ,  0.000000E+00
  0.000000E+00 ,  0.500000E+00 ,  0.000000E+00
  0.500000E+00 ,  0.000000E+00 ,  1.000000E+00
  0.500000E+00 ,  0.500000E+00 ,  1.000000E+00
  0.000000E+00 ,  0.500000E+00 ,  1.000000E+00
  0.000000E+00 ,  0.000000E+00 ,  0.500000E+00 
  1.000000E+00 ,  0.000000E+00 ,  0.500000E+00 
  0.000000E+00 ,  1.000000E+00 ,  0.500000E+00 
  0.500000E+00 ,  0.000000E+00 ,  0.500000E+00 
  0.500000E+00 ,  0.500000E+00 ,  0.500000E+00
  0.000000E+00 ,  0.500000E+00 ,  0.500000E+00  
1
18
0
1
2
3
4
5
6
7
8
9
10
11
12
13
14
15
16
17