18
0.000000 0.000000 0.000000
1.000000 0.000000 0.000000
0.000000 1.000000 0.000000
0.000000 0.000000 1.000000
1.000000 0.000000 1.000000
0.000000 1.000000 1.000000
0.500000 0.000000 0.000000
0.500000 0.500000 0.000000
0.000000 0.500000 0.000000
0.500000 0.000000 1.000000
0.500000 0.500000 1.000000
0.000000 0.500000 1.000000
0.000000 0.000000 0.500000
1.000000 0.000000 0.500000
0.000000 1.000000 0.500000
0.500000 0.000000 0.500000
0.500000 0.500000 0.500000
0.000000 0.500000 0.500000
1
26
0
1
2
3
4
5
6
7
8
9
10
11
12
13
14
15
16
17
18
