405
  0.000000E+00 ,  0.000000E+00 ,  0.000000E+00 
  1.250000E-01 ,  0.000000E+00 ,  0.000000E+00 
  0.000000E+00 ,  1.250000E-01 ,  0.000000E+00 
  0.000000E+00 ,  0.000000E+00 ,  1.250000E-01 
  1.250000E-01 ,  0.000000E+00 ,  1.250000E-01 
  0.000000E+00 ,  1.250000E-01 ,  1.250000E-01 
  2.500000E-01 ,  0.000000E+00 ,  0.000000E+00 
  1.250000E-01 ,  1.250000E-01 ,  0.000000E+00 
  2.500000E-01 ,  0.000000E+00 ,  1.250000E-01 
  1.250000E-01 ,  1.250000E-01 ,  1.250000E-01 
  0.000000E+00 ,  2.500000E-01 ,  0.000000E+00 
  0.000000E+00 ,  2.500000E-01 ,  1.250000E-01 
  0.000000E+00 ,  0.000000E+00 ,  2.500000E-01 
  1.250000E-01 ,  0.000000E+00 ,  2.500000E-01 
  0.000000E+00 ,  1.250000E-01 ,  2.500000E-01 
  2.500000E-01 ,  0.000000E+00 ,  2.500000E-01 
  1.250000E-01 ,  1.250000E-01 ,  2.500000E-01 
  0.000000E+00 ,  2.500000E-01 ,  2.500000E-01 
  3.750000E-01 ,  0.000000E+00 ,  0.000000E+00 
  2.500000E-01 ,  1.250000E-01 ,  0.000000E+00 
  3.750000E-01 ,  0.000000E+00 ,  1.250000E-01 
  2.500000E-01 ,  1.250000E-01 ,  1.250000E-01 
  5.000000E-01 ,  0.000000E+00 ,  0.000000E+00 
  3.750000E-01 ,  1.250000E-01 ,  0.000000E+00 
  5.000000E-01 ,  0.000000E+00 ,  1.250000E-01 
  3.750000E-01 ,  1.250000E-01 ,  1.250000E-01 
  2.500000E-01 ,  2.500000E-01 ,  0.000000E+00 
  2.500000E-01 ,  2.500000E-01 ,  1.250000E-01 
  3.750000E-01 ,  0.000000E+00 ,  2.500000E-01 
  2.500000E-01 ,  1.250000E-01 ,  2.500000E-01 
  5.000000E-01 ,  0.000000E+00 ,  2.500000E-01 
  3.750000E-01 ,  1.250000E-01 ,  2.500000E-01 
  2.500000E-01 ,  2.500000E-01 ,  2.500000E-01 
  1.250000E-01 ,  2.500000E-01 ,  0.000000E+00 
  0.000000E+00 ,  3.750000E-01 ,  0.000000E+00 
  1.250000E-01 ,  2.500000E-01 ,  1.250000E-01 
  0.000000E+00 ,  3.750000E-01 ,  1.250000E-01 
  1.250000E-01 ,  3.750000E-01 ,  0.000000E+00 
  1.250000E-01 ,  3.750000E-01 ,  1.250000E-01 
  0.000000E+00 ,  5.000000E-01 ,  0.000000E+00 
  0.000000E+00 ,  5.000000E-01 ,  1.250000E-01 
  1.250000E-01 ,  2.500000E-01 ,  2.500000E-01 
  0.000000E+00 ,  3.750000E-01 ,  2.500000E-01 
  1.250000E-01 ,  3.750000E-01 ,  2.500000E-01 
  0.000000E+00 ,  5.000000E-01 ,  2.500000E-01 
  0.000000E+00 ,  0.000000E+00 ,  3.750000E-01 
  1.250000E-01 ,  0.000000E+00 ,  3.750000E-01 
  0.000000E+00 ,  1.250000E-01 ,  3.750000E-01 
  2.500000E-01 ,  0.000000E+00 ,  3.750000E-01 
  1.250000E-01 ,  1.250000E-01 ,  3.750000E-01 
  0.000000E+00 ,  2.500000E-01 ,  3.750000E-01 
  0.000000E+00 ,  0.000000E+00 ,  5.000000E-01 
  1.250000E-01 ,  0.000000E+00 ,  5.000000E-01 
  0.000000E+00 ,  1.250000E-01 ,  5.000000E-01 
  2.500000E-01 ,  0.000000E+00 ,  5.000000E-01 
  1.250000E-01 ,  1.250000E-01 ,  5.000000E-01 
  0.000000E+00 ,  2.500000E-01 ,  5.000000E-01 
  3.750000E-01 ,  0.000000E+00 ,  3.750000E-01 
  2.500000E-01 ,  1.250000E-01 ,  3.750000E-01 
  5.000000E-01 ,  0.000000E+00 ,  3.750000E-01 
  3.750000E-01 ,  1.250000E-01 ,  3.750000E-01 
  2.500000E-01 ,  2.500000E-01 ,  3.750000E-01 
  3.750000E-01 ,  0.000000E+00 ,  5.000000E-01 
  2.500000E-01 ,  1.250000E-01 ,  5.000000E-01 
  5.000000E-01 ,  0.000000E+00 ,  5.000000E-01 
  3.750000E-01 ,  1.250000E-01 ,  5.000000E-01 
  2.500000E-01 ,  2.500000E-01 ,  5.000000E-01 
  1.250000E-01 ,  2.500000E-01 ,  3.750000E-01 
  0.000000E+00 ,  3.750000E-01 ,  3.750000E-01 
  1.250000E-01 ,  3.750000E-01 ,  3.750000E-01 
  0.000000E+00 ,  5.000000E-01 ,  3.750000E-01 
  1.250000E-01 ,  2.500000E-01 ,  5.000000E-01 
  0.000000E+00 ,  3.750000E-01 ,  5.000000E-01 
  1.250000E-01 ,  3.750000E-01 ,  5.000000E-01 
  0.000000E+00 ,  5.000000E-01 ,  5.000000E-01 
  6.250000E-01 ,  0.000000E+00 ,  0.000000E+00 
  5.000000E-01 ,  1.250000E-01 ,  0.000000E+00 
  6.250000E-01 ,  0.000000E+00 ,  1.250000E-01 
  5.000000E-01 ,  1.250000E-01 ,  1.250000E-01 
  7.500000E-01 ,  0.000000E+00 ,  0.000000E+00 
  6.250000E-01 ,  1.250000E-01 ,  0.000000E+00 
  7.500000E-01 ,  0.000000E+00 ,  1.250000E-01 
  6.250000E-01 ,  1.250000E-01 ,  1.250000E-01 
  5.000000E-01 ,  2.500000E-01 ,  0.000000E+00 
  5.000000E-01 ,  2.500000E-01 ,  1.250000E-01 
  6.250000E-01 ,  0.000000E+00 ,  2.500000E-01 
  5.000000E-01 ,  1.250000E-01 ,  2.500000E-01 
  7.500000E-01 ,  0.000000E+00 ,  2.500000E-01 
  6.250000E-01 ,  1.250000E-01 ,  2.500000E-01 
  5.000000E-01 ,  2.500000E-01 ,  2.500000E-01 
  8.750000E-01 ,  0.000000E+00 ,  0.000000E+00 
  7.500000E-01 ,  1.250000E-01 ,  0.000000E+00 
  8.750000E-01 ,  0.000000E+00 ,  1.250000E-01 
  7.500000E-01 ,  1.250000E-01 ,  1.250000E-01 
  1.000000E+00 ,  0.000000E+00 ,  0.000000E+00 
  8.750000E-01 ,  1.250000E-01 ,  0.000000E+00 
  1.000000E+00 ,  0.000000E+00 ,  1.250000E-01 
  8.750000E-01 ,  1.250000E-01 ,  1.250000E-01 
  7.500000E-01 ,  2.500000E-01 ,  0.000000E+00 
  7.500000E-01 ,  2.500000E-01 ,  1.250000E-01 
  8.750000E-01 ,  0.000000E+00 ,  2.500000E-01 
  7.500000E-01 ,  1.250000E-01 ,  2.500000E-01 
  1.000000E+00 ,  0.000000E+00 ,  2.500000E-01 
  8.750000E-01 ,  1.250000E-01 ,  2.500000E-01 
  7.500000E-01 ,  2.500000E-01 ,  2.500000E-01 
  6.250000E-01 ,  2.500000E-01 ,  0.000000E+00 
  5.000000E-01 ,  3.750000E-01 ,  0.000000E+00 
  6.250000E-01 ,  2.500000E-01 ,  1.250000E-01 
  5.000000E-01 ,  3.750000E-01 ,  1.250000E-01 
  6.250000E-01 ,  3.750000E-01 ,  0.000000E+00 
  6.250000E-01 ,  3.750000E-01 ,  1.250000E-01 
  5.000000E-01 ,  5.000000E-01 ,  0.000000E+00 
  5.000000E-01 ,  5.000000E-01 ,  1.250000E-01 
  6.250000E-01 ,  2.500000E-01 ,  2.500000E-01 
  5.000000E-01 ,  3.750000E-01 ,  2.500000E-01 
  6.250000E-01 ,  3.750000E-01 ,  2.500000E-01 
  5.000000E-01 ,  5.000000E-01 ,  2.500000E-01 
  6.250000E-01 ,  0.000000E+00 ,  3.750000E-01 
  5.000000E-01 ,  1.250000E-01 ,  3.750000E-01 
  7.500000E-01 ,  0.000000E+00 ,  3.750000E-01 
  6.250000E-01 ,  1.250000E-01 ,  3.750000E-01 
  5.000000E-01 ,  2.500000E-01 ,  3.750000E-01 
  6.250000E-01 ,  0.000000E+00 ,  5.000000E-01 
  5.000000E-01 ,  1.250000E-01 ,  5.000000E-01 
  7.500000E-01 ,  0.000000E+00 ,  5.000000E-01 
  6.250000E-01 ,  1.250000E-01 ,  5.000000E-01 
  5.000000E-01 ,  2.500000E-01 ,  5.000000E-01 
  8.750000E-01 ,  0.000000E+00 ,  3.750000E-01 
  7.500000E-01 ,  1.250000E-01 ,  3.750000E-01 
  1.000000E+00 ,  0.000000E+00 ,  3.750000E-01 
  8.750000E-01 ,  1.250000E-01 ,  3.750000E-01 
  7.500000E-01 ,  2.500000E-01 ,  3.750000E-01 
  8.750000E-01 ,  0.000000E+00 ,  5.000000E-01 
  7.500000E-01 ,  1.250000E-01 ,  5.000000E-01 
  1.000000E+00 ,  0.000000E+00 ,  5.000000E-01 
  8.750000E-01 ,  1.250000E-01 ,  5.000000E-01 
  7.500000E-01 ,  2.500000E-01 ,  5.000000E-01 
  6.250000E-01 ,  2.500000E-01 ,  3.750000E-01 
  5.000000E-01 ,  3.750000E-01 ,  3.750000E-01 
  6.250000E-01 ,  3.750000E-01 ,  3.750000E-01 
  5.000000E-01 ,  5.000000E-01 ,  3.750000E-01 
  6.250000E-01 ,  2.500000E-01 ,  5.000000E-01 
  5.000000E-01 ,  3.750000E-01 ,  5.000000E-01 
  6.250000E-01 ,  3.750000E-01 ,  5.000000E-01 
  5.000000E-01 ,  5.000000E-01 ,  5.000000E-01 
  1.250000E-01 ,  5.000000E-01 ,  0.000000E+00 
  0.000000E+00 ,  6.250000E-01 ,  0.000000E+00 
  1.250000E-01 ,  5.000000E-01 ,  1.250000E-01 
  0.000000E+00 ,  6.250000E-01 ,  1.250000E-01 
  2.500000E-01 ,  5.000000E-01 ,  0.000000E+00 
  1.250000E-01 ,  6.250000E-01 ,  0.000000E+00 
  2.500000E-01 ,  5.000000E-01 ,  1.250000E-01 
  1.250000E-01 ,  6.250000E-01 ,  1.250000E-01 
  0.000000E+00 ,  7.500000E-01 ,  0.000000E+00 
  0.000000E+00 ,  7.500000E-01 ,  1.250000E-01 
  1.250000E-01 ,  5.000000E-01 ,  2.500000E-01 
  0.000000E+00 ,  6.250000E-01 ,  2.500000E-01 
  2.500000E-01 ,  5.000000E-01 ,  2.500000E-01 
  1.250000E-01 ,  6.250000E-01 ,  2.500000E-01 
  0.000000E+00 ,  7.500000E-01 ,  2.500000E-01 
  3.750000E-01 ,  5.000000E-01 ,  0.000000E+00 
  2.500000E-01 ,  6.250000E-01 ,  0.000000E+00 
  3.750000E-01 ,  5.000000E-01 ,  1.250000E-01 
  2.500000E-01 ,  6.250000E-01 ,  1.250000E-01 
  3.750000E-01 ,  6.250000E-01 ,  0.000000E+00 
  3.750000E-01 ,  6.250000E-01 ,  1.250000E-01 
  2.500000E-01 ,  7.500000E-01 ,  0.000000E+00 
  2.500000E-01 ,  7.500000E-01 ,  1.250000E-01 
  3.750000E-01 ,  5.000000E-01 ,  2.500000E-01 
  2.500000E-01 ,  6.250000E-01 ,  2.500000E-01 
  3.750000E-01 ,  6.250000E-01 ,  2.500000E-01 
  2.500000E-01 ,  7.500000E-01 ,  2.500000E-01 
  1.250000E-01 ,  7.500000E-01 ,  0.000000E+00 
  0.000000E+00 ,  8.750000E-01 ,  0.000000E+00 
  1.250000E-01 ,  7.500000E-01 ,  1.250000E-01 
  0.000000E+00 ,  8.750000E-01 ,  1.250000E-01 
  1.250000E-01 ,  8.750000E-01 ,  0.000000E+00 
  1.250000E-01 ,  8.750000E-01 ,  1.250000E-01 
  0.000000E+00 ,  1.000000E+00 ,  0.000000E+00 
  0.000000E+00 ,  1.000000E+00 ,  1.250000E-01 
  1.250000E-01 ,  7.500000E-01 ,  2.500000E-01 
  0.000000E+00 ,  8.750000E-01 ,  2.500000E-01 
  1.250000E-01 ,  8.750000E-01 ,  2.500000E-01 
  0.000000E+00 ,  1.000000E+00 ,  2.500000E-01 
  1.250000E-01 ,  5.000000E-01 ,  3.750000E-01 
  0.000000E+00 ,  6.250000E-01 ,  3.750000E-01 
  2.500000E-01 ,  5.000000E-01 ,  3.750000E-01 
  1.250000E-01 ,  6.250000E-01 ,  3.750000E-01 
  0.000000E+00 ,  7.500000E-01 ,  3.750000E-01 
  1.250000E-01 ,  5.000000E-01 ,  5.000000E-01 
  0.000000E+00 ,  6.250000E-01 ,  5.000000E-01 
  2.500000E-01 ,  5.000000E-01 ,  5.000000E-01 
  1.250000E-01 ,  6.250000E-01 ,  5.000000E-01 
  0.000000E+00 ,  7.500000E-01 ,  5.000000E-01 
  3.750000E-01 ,  5.000000E-01 ,  3.750000E-01 
  2.500000E-01 ,  6.250000E-01 ,  3.750000E-01 
  3.750000E-01 ,  6.250000E-01 ,  3.750000E-01 
  2.500000E-01 ,  7.500000E-01 ,  3.750000E-01 
  3.750000E-01 ,  5.000000E-01 ,  5.000000E-01 
  2.500000E-01 ,  6.250000E-01 ,  5.000000E-01 
  3.750000E-01 ,  6.250000E-01 ,  5.000000E-01 
  2.500000E-01 ,  7.500000E-01 ,  5.000000E-01 
  1.250000E-01 ,  7.500000E-01 ,  3.750000E-01 
  0.000000E+00 ,  8.750000E-01 ,  3.750000E-01 
  1.250000E-01 ,  8.750000E-01 ,  3.750000E-01 
  0.000000E+00 ,  1.000000E+00 ,  3.750000E-01 
  1.250000E-01 ,  7.500000E-01 ,  5.000000E-01 
  0.000000E+00 ,  8.750000E-01 ,  5.000000E-01 
  1.250000E-01 ,  8.750000E-01 ,  5.000000E-01 
  0.000000E+00 ,  1.000000E+00 ,  5.000000E-01 
  3.750000E-01 ,  3.750000E-01 ,  0.000000E+00 
  3.750000E-01 ,  3.750000E-01 ,  1.250000E-01 
  3.750000E-01 ,  3.750000E-01 ,  2.500000E-01 
  2.500000E-01 ,  3.750000E-01 ,  0.000000E+00 
  2.500000E-01 ,  3.750000E-01 ,  1.250000E-01 
  2.500000E-01 ,  3.750000E-01 ,  2.500000E-01 
  3.750000E-01 ,  2.500000E-01 ,  0.000000E+00 
  3.750000E-01 ,  2.500000E-01 ,  1.250000E-01 
  3.750000E-01 ,  2.500000E-01 ,  2.500000E-01 
  3.750000E-01 ,  3.750000E-01 ,  3.750000E-01 
  3.750000E-01 ,  3.750000E-01 ,  5.000000E-01 
  2.500000E-01 ,  3.750000E-01 ,  3.750000E-01 
  2.500000E-01 ,  3.750000E-01 ,  5.000000E-01 
  3.750000E-01 ,  2.500000E-01 ,  3.750000E-01 
  3.750000E-01 ,  2.500000E-01 ,  5.000000E-01 
  0.000000E+00 ,  0.000000E+00 ,  6.250000E-01 
  1.250000E-01 ,  0.000000E+00 ,  6.250000E-01 
  0.000000E+00 ,  1.250000E-01 ,  6.250000E-01 
  2.500000E-01 ,  0.000000E+00 ,  6.250000E-01 
  1.250000E-01 ,  1.250000E-01 ,  6.250000E-01 
  0.000000E+00 ,  2.500000E-01 ,  6.250000E-01 
  0.000000E+00 ,  0.000000E+00 ,  7.500000E-01 
  1.250000E-01 ,  0.000000E+00 ,  7.500000E-01 
  0.000000E+00 ,  1.250000E-01 ,  7.500000E-01 
  2.500000E-01 ,  0.000000E+00 ,  7.500000E-01 
  1.250000E-01 ,  1.250000E-01 ,  7.500000E-01 
  0.000000E+00 ,  2.500000E-01 ,  7.500000E-01 
  3.750000E-01 ,  0.000000E+00 ,  6.250000E-01 
  2.500000E-01 ,  1.250000E-01 ,  6.250000E-01 
  5.000000E-01 ,  0.000000E+00 ,  6.250000E-01 
  3.750000E-01 ,  1.250000E-01 ,  6.250000E-01 
  2.500000E-01 ,  2.500000E-01 ,  6.250000E-01 
  3.750000E-01 ,  0.000000E+00 ,  7.500000E-01 
  2.500000E-01 ,  1.250000E-01 ,  7.500000E-01 
  5.000000E-01 ,  0.000000E+00 ,  7.500000E-01 
  3.750000E-01 ,  1.250000E-01 ,  7.500000E-01 
  2.500000E-01 ,  2.500000E-01 ,  7.500000E-01 
  1.250000E-01 ,  2.500000E-01 ,  6.250000E-01 
  0.000000E+00 ,  3.750000E-01 ,  6.250000E-01 
  1.250000E-01 ,  3.750000E-01 ,  6.250000E-01 
  0.000000E+00 ,  5.000000E-01 ,  6.250000E-01 
  1.250000E-01 ,  2.500000E-01 ,  7.500000E-01 
  0.000000E+00 ,  3.750000E-01 ,  7.500000E-01 
  1.250000E-01 ,  3.750000E-01 ,  7.500000E-01 
  0.000000E+00 ,  5.000000E-01 ,  7.500000E-01 
  0.000000E+00 ,  0.000000E+00 ,  8.750000E-01 
  1.250000E-01 ,  0.000000E+00 ,  8.750000E-01 
  0.000000E+00 ,  1.250000E-01 ,  8.750000E-01 
  2.500000E-01 ,  0.000000E+00 ,  8.750000E-01 
  1.250000E-01 ,  1.250000E-01 ,  8.750000E-01 
  0.000000E+00 ,  2.500000E-01 ,  8.750000E-01 
  0.000000E+00 ,  0.000000E+00 ,  1.000000E+00 
  1.250000E-01 ,  0.000000E+00 ,  1.000000E+00 
  0.000000E+00 ,  1.250000E-01 ,  1.000000E+00 
  2.500000E-01 ,  0.000000E+00 ,  1.000000E+00 
  1.250000E-01 ,  1.250000E-01 ,  1.000000E+00 
  0.000000E+00 ,  2.500000E-01 ,  1.000000E+00 
  3.750000E-01 ,  0.000000E+00 ,  8.750000E-01 
  2.500000E-01 ,  1.250000E-01 ,  8.750000E-01 
  5.000000E-01 ,  0.000000E+00 ,  8.750000E-01 
  3.750000E-01 ,  1.250000E-01 ,  8.750000E-01 
  2.500000E-01 ,  2.500000E-01 ,  8.750000E-01 
  3.750000E-01 ,  0.000000E+00 ,  1.000000E+00 
  2.500000E-01 ,  1.250000E-01 ,  1.000000E+00 
  5.000000E-01 ,  0.000000E+00 ,  1.000000E+00 
  3.750000E-01 ,  1.250000E-01 ,  1.000000E+00 
  2.500000E-01 ,  2.500000E-01 ,  1.000000E+00 
  1.250000E-01 ,  2.500000E-01 ,  8.750000E-01 
  0.000000E+00 ,  3.750000E-01 ,  8.750000E-01 
  1.250000E-01 ,  3.750000E-01 ,  8.750000E-01 
  0.000000E+00 ,  5.000000E-01 ,  8.750000E-01 
  1.250000E-01 ,  2.500000E-01 ,  1.000000E+00 
  0.000000E+00 ,  3.750000E-01 ,  1.000000E+00 
  1.250000E-01 ,  3.750000E-01 ,  1.000000E+00 
  0.000000E+00 ,  5.000000E-01 ,  1.000000E+00 
  6.250000E-01 ,  0.000000E+00 ,  6.250000E-01 
  5.000000E-01 ,  1.250000E-01 ,  6.250000E-01 
  7.500000E-01 ,  0.000000E+00 ,  6.250000E-01 
  6.250000E-01 ,  1.250000E-01 ,  6.250000E-01 
  5.000000E-01 ,  2.500000E-01 ,  6.250000E-01 
  6.250000E-01 ,  0.000000E+00 ,  7.500000E-01 
  5.000000E-01 ,  1.250000E-01 ,  7.500000E-01 
  7.500000E-01 ,  0.000000E+00 ,  7.500000E-01 
  6.250000E-01 ,  1.250000E-01 ,  7.500000E-01 
  5.000000E-01 ,  2.500000E-01 ,  7.500000E-01 
  8.750000E-01 ,  0.000000E+00 ,  6.250000E-01 
  7.500000E-01 ,  1.250000E-01 ,  6.250000E-01 
  1.000000E+00 ,  0.000000E+00 ,  6.250000E-01 
  8.750000E-01 ,  1.250000E-01 ,  6.250000E-01 
  7.500000E-01 ,  2.500000E-01 ,  6.250000E-01 
  8.750000E-01 ,  0.000000E+00 ,  7.500000E-01 
  7.500000E-01 ,  1.250000E-01 ,  7.500000E-01 
  1.000000E+00 ,  0.000000E+00 ,  7.500000E-01 
  8.750000E-01 ,  1.250000E-01 ,  7.500000E-01 
  7.500000E-01 ,  2.500000E-01 ,  7.500000E-01 
  6.250000E-01 ,  2.500000E-01 ,  6.250000E-01 
  5.000000E-01 ,  3.750000E-01 ,  6.250000E-01 
  6.250000E-01 ,  3.750000E-01 ,  6.250000E-01 
  5.000000E-01 ,  5.000000E-01 ,  6.250000E-01 
  6.250000E-01 ,  2.500000E-01 ,  7.500000E-01 
  5.000000E-01 ,  3.750000E-01 ,  7.500000E-01 
  6.250000E-01 ,  3.750000E-01 ,  7.500000E-01 
  5.000000E-01 ,  5.000000E-01 ,  7.500000E-01 
  6.250000E-01 ,  0.000000E+00 ,  8.750000E-01 
  5.000000E-01 ,  1.250000E-01 ,  8.750000E-01 
  7.500000E-01 ,  0.000000E+00 ,  8.750000E-01 
  6.250000E-01 ,  1.250000E-01 ,  8.750000E-01 
  5.000000E-01 ,  2.500000E-01 ,  8.750000E-01 
  6.250000E-01 ,  0.000000E+00 ,  1.000000E+00 
  5.000000E-01 ,  1.250000E-01 ,  1.000000E+00 
  7.500000E-01 ,  0.000000E+00 ,  1.000000E+00 
  6.250000E-01 ,  1.250000E-01 ,  1.000000E+00 
  5.000000E-01 ,  2.500000E-01 ,  1.000000E+00 
  8.750000E-01 ,  0.000000E+00 ,  8.750000E-01 
  7.500000E-01 ,  1.250000E-01 ,  8.750000E-01 
  1.000000E+00 ,  0.000000E+00 ,  8.750000E-01 
  8.750000E-01 ,  1.250000E-01 ,  8.750000E-01 
  7.500000E-01 ,  2.500000E-01 ,  8.750000E-01 
  8.750000E-01 ,  0.000000E+00 ,  1.000000E+00 
  7.500000E-01 ,  1.250000E-01 ,  1.000000E+00 
  1.000000E+00 ,  0.000000E+00 ,  1.000000E+00 
  8.750000E-01 ,  1.250000E-01 ,  1.000000E+00 
  7.500000E-01 ,  2.500000E-01 ,  1.000000E+00 
  6.250000E-01 ,  2.500000E-01 ,  8.750000E-01 
  5.000000E-01 ,  3.750000E-01 ,  8.750000E-01 
  6.250000E-01 ,  3.750000E-01 ,  8.750000E-01 
  5.000000E-01 ,  5.000000E-01 ,  8.750000E-01 
  6.250000E-01 ,  2.500000E-01 ,  1.000000E+00 
  5.000000E-01 ,  3.750000E-01 ,  1.000000E+00 
  6.250000E-01 ,  3.750000E-01 ,  1.000000E+00 
  5.000000E-01 ,  5.000000E-01 ,  1.000000E+00 
  1.250000E-01 ,  5.000000E-01 ,  6.250000E-01 
  0.000000E+00 ,  6.250000E-01 ,  6.250000E-01 
  2.500000E-01 ,  5.000000E-01 ,  6.250000E-01 
  1.250000E-01 ,  6.250000E-01 ,  6.250000E-01 
  0.000000E+00 ,  7.500000E-01 ,  6.250000E-01 
  1.250000E-01 ,  5.000000E-01 ,  7.500000E-01 
  0.000000E+00 ,  6.250000E-01 ,  7.500000E-01 
  2.500000E-01 ,  5.000000E-01 ,  7.500000E-01 
  1.250000E-01 ,  6.250000E-01 ,  7.500000E-01 
  0.000000E+00 ,  7.500000E-01 ,  7.500000E-01 
  3.750000E-01 ,  5.000000E-01 ,  6.250000E-01 
  2.500000E-01 ,  6.250000E-01 ,  6.250000E-01 
  3.750000E-01 ,  6.250000E-01 ,  6.250000E-01 
  2.500000E-01 ,  7.500000E-01 ,  6.250000E-01 
  3.750000E-01 ,  5.000000E-01 ,  7.500000E-01 
  2.500000E-01 ,  6.250000E-01 ,  7.500000E-01 
  3.750000E-01 ,  6.250000E-01 ,  7.500000E-01 
  2.500000E-01 ,  7.500000E-01 ,  7.500000E-01 
  1.250000E-01 ,  7.500000E-01 ,  6.250000E-01 
  0.000000E+00 ,  8.750000E-01 ,  6.250000E-01 
  1.250000E-01 ,  8.750000E-01 ,  6.250000E-01 
  0.000000E+00 ,  1.000000E+00 ,  6.250000E-01 
  1.250000E-01 ,  7.500000E-01 ,  7.500000E-01 
  0.000000E+00 ,  8.750000E-01 ,  7.500000E-01 
  1.250000E-01 ,  8.750000E-01 ,  7.500000E-01 
  0.000000E+00 ,  1.000000E+00 ,  7.500000E-01 
  1.250000E-01 ,  5.000000E-01 ,  8.750000E-01 
  0.000000E+00 ,  6.250000E-01 ,  8.750000E-01 
  2.500000E-01 ,  5.000000E-01 ,  8.750000E-01 
  1.250000E-01 ,  6.250000E-01 ,  8.750000E-01 
  0.000000E+00 ,  7.500000E-01 ,  8.750000E-01 
  1.250000E-01 ,  5.000000E-01 ,  1.000000E+00 
  0.000000E+00 ,  6.250000E-01 ,  1.000000E+00 
  2.500000E-01 ,  5.000000E-01 ,  1.000000E+00 
  1.250000E-01 ,  6.250000E-01 ,  1.000000E+00 
  0.000000E+00 ,  7.500000E-01 ,  1.000000E+00 
  3.750000E-01 ,  5.000000E-01 ,  8.750000E-01 
  2.500000E-01 ,  6.250000E-01 ,  8.750000E-01 
  3.750000E-01 ,  6.250000E-01 ,  8.750000E-01 
  2.500000E-01 ,  7.500000E-01 ,  8.750000E-01 
  3.750000E-01 ,  5.000000E-01 ,  1.000000E+00 
  2.500000E-01 ,  6.250000E-01 ,  1.000000E+00 
  3.750000E-01 ,  6.250000E-01 ,  1.000000E+00 
  2.500000E-01 ,  7.500000E-01 ,  1.000000E+00 
  1.250000E-01 ,  7.500000E-01 ,  8.750000E-01 
  0.000000E+00 ,  8.750000E-01 ,  8.750000E-01 
  1.250000E-01 ,  8.750000E-01 ,  8.750000E-01 
  0.000000E+00 ,  1.000000E+00 ,  8.750000E-01 
  1.250000E-01 ,  7.500000E-01 ,  1.000000E+00 
  0.000000E+00 ,  8.750000E-01 ,  1.000000E+00 
  1.250000E-01 ,  8.750000E-01 ,  1.000000E+00 
  0.000000E+00 ,  1.000000E+00 ,  1.000000E+00 
  3.750000E-01 ,  3.750000E-01 ,  6.250000E-01 
  3.750000E-01 ,  3.750000E-01 ,  7.500000E-01 
  2.500000E-01 ,  3.750000E-01 ,  6.250000E-01 
  2.500000E-01 ,  3.750000E-01 ,  7.500000E-01 
  3.750000E-01 ,  2.500000E-01 ,  6.250000E-01 
  3.750000E-01 ,  2.500000E-01 ,  7.500000E-01 
  3.750000E-01 ,  3.750000E-01 ,  8.750000E-01 
  3.750000E-01 ,  3.750000E-01 ,  1.000000E+00 
  2.500000E-01 ,  3.750000E-01 ,  8.750000E-01 
  2.500000E-01 ,  3.750000E-01 ,  1.000000E+00 
  3.750000E-01 ,  2.500000E-01 ,  8.750000E-01 
  3.750000E-01 ,  2.500000E-01 ,  1.000000E+00 
512
 13       0        1        2        3        4        5  
 13       1        6        7        4        8        9  
 13       2        7       10        5        9       11  
 13       7        2        1        9        5        4  
 13       3        4        5       12       13       14  
 13       4        8        9       13       15       16  
 13       5        9       11       14       16       17  
 13       9        5        4       16       14       13  
 13       6       18       19        8       20       21  
 13      18       22       23       20       24       25  
 13      19       23       26       21       25       27  
 13      23       19       18       25       21       20  
 13       8       20       21       15       28       29  
 13      20       24       25       28       30       31  
 13      21       25       27       29       31       32  
 13      25       21       20       31       29       28  
 13      10       33       34       11       35       36  
 13      33       26       37       35       27       38  
 13      34       37       39       36       38       40  
 13      37       34       33       38       36       35  
 13      11       35       36       17       41       42  
 13      35       27       38       41       32       43  
 13      36       38       40       42       43       44  
 13      38       36       35       43       42       41  
 13      26       33       19       27       35       21  
 13      33       10        7       35       11        9  
 13      19        7        6       21        9        8  
 13       7       19       33        9       21       35  
 13      27       35       21       32       41       29  
 13      35       11        9       41       17       16  
 13      21        9        8       29       16       15  
 13       9       21       35       16       29       41  
 13      12       13       14       45       46       47  
 13      13       15       16       46       48       49  
 13      14       16       17       47       49       50  
 13      16       14       13       49       47       46  
 13      45       46       47       51       52       53  
 13      46       48       49       52       54       55  
 13      47       49       50       53       55       56  
 13      49       47       46       55       53       52  
 13      15       28       29       48       57       58  
 13      28       30       31       57       59       60  
 13      29       31       32       58       60       61  
 13      31       29       28       60       58       57  
 13      48       57       58       54       62       63  
 13      57       59       60       62       64       65  
 13      58       60       61       63       65       66  
 13      60       58       57       65       63       62  
 13      17       41       42       50       67       68  
 13      41       32       43       67       61       69  
 13      42       43       44       68       69       70  
 13      43       42       41       69       68       67  
 13      50       67       68       56       71       72  
 13      67       61       69       71       66       73  
 13      68       69       70       72       73       74  
 13      69       68       67       73       72       71  
 13      32       41       29       61       67       58  
 13      41       17       16       67       50       49  
 13      29       16       15       58       49       48  
 13      16       29       41       49       58       67  
 13      61       67       58       66       71       63  
 13      67       50       49       71       56       55  
 13      58       49       48       63       55       54  
 13      49       58       67       55       63       71  
 13      22       75       76       24       77       78  
 13      75       79       80       77       81       82  
 13      76       80       83       78       82       84  
 13      80       76       75       82       78       77  
 13      24       77       78       30       85       86  
 13      77       81       82       85       87       88  
 13      78       82       84       86       88       89  
 13      82       78       77       88       86       85  
 13      79       90       91       81       92       93  
 13      90       94       95       92       96       97  
 13      91       95       98       93       97       99  
 13      95       91       90       97       93       92  
 13      81       92       93       87      100      101  
 13      92       96       97      100      102      103  
 13      93       97       99      101      103      104  
 13      97       93       92      103      101      100  
 13      83      105      106       84      107      108  
 13     105       98      109      107       99      110  
 13     106      109      111      108      110      112  
 13     109      106      105      110      108      107  
 13      84      107      108       89      113      114  
 13     107       99      110      113      104      115  
 13     108      110      112      114      115      116  
 13     110      108      107      115      114      113  
 13      98      105       91       99      107       93  
 13     105       83       80      107       84       82  
 13      91       80       79       93       82       81  
 13      80       91      105       82       93      107  
 13      99      107       93      104      113      101  
 13     107       84       82      113       89       88  
 13      93       82       81      101       88       87  
 13      82       93      107       88      101      113  
 13      30       85       86       59      117      118  
 13      85       87       88      117      119      120  
 13      86       88       89      118      120      121  
 13      88       86       85      120      118      117  
 13      59      117      118       64      122      123  
 13     117      119      120      122      124      125  
 13     118      120      121      123      125      126  
 13     120      118      117      125      123      122  
 13      87      100      101      119      127      128  
 13     100      102      103      127      129      130  
 13     101      103      104      128      130      131  
 13     103      101      100      130      128      127  
 13     119      127      128      124      132      133  
 13     127      129      130      132      134      135  
 13     128      130      131      133      135      136  
 13     130      128      127      135      133      132  
 13      89      113      114      121      137      138  
 13     113      104      115      137      131      139  
 13     114      115      116      138      139      140  
 13     115      114      113      139      138      137  
 13     121      137      138      126      141      142  
 13     137      131      139      141      136      143  
 13     138      139      140      142      143      144  
 13     139      138      137      143      142      141  
 13     104      113      101      131      137      128  
 13     113       89       88      137      121      120  
 13     101       88       87      128      120      119  
 13      88      101      113      120      128      137  
 13     131      137      128      136      141      133  
 13     137      121      120      141      126      125  
 13     128      120      119      133      125      124  
 13     120      128      137      125      133      141  
 13      39      145      146       40      147      148  
 13     145      149      150      147      151      152  
 13     146      150      153      148      152      154  
 13     150      146      145      152      148      147  
 13      40      147      148       44      155      156  
 13     147      151      152      155      157      158  
 13     148      152      154      156      158      159  
 13     152      148      147      158      156      155  
 13     149      160      161      151      162      163  
 13     160      111      164      162      112      165  
 13     161      164      166      163      165      167  
 13     164      161      160      165      163      162  
 13     151      162      163      157      168      169  
 13     162      112      165      168      116      170  
 13     163      165      167      169      170      171  
 13     165      163      162      170      169      168  
 13     153      172      173      154      174      175  
 13     172      166      176      174      167      177  
 13     173      176      178      175      177      179  
 13     176      173      172      177      175      174  
 13     154      174      175      159      180      181  
 13     174      167      177      180      171      182  
 13     175      177      179      181      182      183  
 13     177      175      174      182      181      180  
 13     166      172      161      167      174      163  
 13     172      153      150      174      154      152  
 13     161      150      149      163      152      151  
 13     150      161      172      152      163      174  
 13     167      174      163      171      180      169  
 13     174      154      152      180      159      158  
 13     163      152      151      169      158      157  
 13     152      163      174      158      169      180  
 13      44      155      156       70      184      185  
 13     155      157      158      184      186      187  
 13     156      158      159      185      187      188  
 13     158      156      155      187      185      184  
 13      70      184      185       74      189      190  
 13     184      186      187      189      191      192  
 13     185      187      188      190      192      193  
 13     187      185      184      192      190      189  
 13     157      168      169      186      194      195  
 13     168      116      170      194      140      196  
 13     169      170      171      195      196      197  
 13     170      169      168      196      195      194  
 13     186      194      195      191      198      199  
 13     194      140      196      198      144      200  
 13     195      196      197      199      200      201  
 13     196      195      194      200      199      198  
 13     159      180      181      188      202      203  
 13     180      171      182      202      197      204  
 13     181      182      183      203      204      205  
 13     182      181      180      204      203      202  
 13     188      202      203      193      206      207  
 13     202      197      204      206      201      208  
 13     203      204      205      207      208      209  
 13     204      203      202      208      207      206  
 13     171      180      169      197      202      195  
 13     180      159      158      202      188      187  
 13     169      158      157      195      187      186  
 13     158      169      180      187      195      202  
 13     197      202      195      201      206      199  
 13     202      188      187      206      193      192  
 13     195      187      186      199      192      191  
 13     187      195      202      192      199      206  
 13     111      160      106      112      162      108  
 13     160      149      210      162      151      211  
 13     106      210       83      108      211       84  
 13     210      106      160      211      108      162  
 13     112      162      108      116      168      114  
 13     162      151      211      168      157      212  
 13     108      211       84      114      212       89  
 13     211      108      162      212      114      168  
 13     149      145      213      151      147      214  
 13     145       39       37      147       40       38  
 13     213       37       26      214       38       27  
 13      37      213      145       38      214      147  
 13     151      147      214      157      155      215  
 13     147       40       38      155       44       43  
 13     214       38       27      215       43       32  
 13      38      214      147       43      215      155  
 13      83      216       76       84      217       78  
 13     216       26       23      217       27       25  
 13      76       23       22       78       25       24  
 13      23       76      216       25       78      217  
 13      84      217       78       89      218       86  
 13     217       27       25      218       32       31  
 13      78       25       24       86       31       30  
 13      25       78      217       31       86      218  
 13      26      216      213       27      217      214  
 13     216       83      210      217       84      211  
 13     213      210      149      214      211      151  
 13     210      213      216      211      214      217  
 13      27      217      214       32      218      215  
 13     217       84      211      218       89      212  
 13     214      211      151      215      212      157  
 13     211      214      217      212      215      218  
 13     116      168      114      140      194      138  
 13     168      157      212      194      186      219  
 13     114      212       89      138      219      121  
 13     212      114      168      219      138      194  
 13     140      194      138      144      198      142  
 13     194      186      219      198      191      220  
 13     138      219      121      142      220      126  
 13     219      138      194      220      142      198  
 13     157      155      215      186      184      221  
 13     155       44       43      184       70       69  
 13     215       43       32      221       69       61  
 13      43      215      155       69      221      184  
 13     186      184      221      191      189      222  
 13     184       70       69      189       74       73  
 13     221       69       61      222       73       66  
 13      69      221      184       73      222      189  
 13      89      218       86      121      223      118  
 13     218       32       31      223       61       60  
 13      86       31       30      118       60       59  
 13      31       86      218       60      118      223  
 13     121      223      118      126      224      123  
 13     223       61       60      224       66       65  
 13     118       60       59      123       65       64  
 13      60      118      223       65      123      224  
 13      32      218      215       61      223      221  
 13     218       89      212      223      121      219  
 13     215      212      157      221      219      186  
 13     212      215      218      219      221      223  
 13      61      223      221       66      224      222  
 13     223      121      219      224      126      220  
 13     221      219      186      222      220      191  
 13     219      221      223      220      222      224  
 13      51       52       53      225      226      227  
 13      52       54       55      226      228      229  
 13      53       55       56      227      229      230  
 13      55       53       52      229      227      226  
 13     225      226      227      231      232      233  
 13     226      228      229      232      234      235  
 13     227      229      230      233      235      236  
 13     229      227      226      235      233      232  
 13      54       62       63      228      237      238  
 13      62       64       65      237      239      240  
 13      63       65       66      238      240      241  
 13      65       63       62      240      238      237  
 13     228      237      238      234      242      243  
 13     237      239      240      242      244      245  
 13     238      240      241      243      245      246  
 13     240      238      237      245      243      242  
 13      56       71       72      230      247      248  
 13      71       66       73      247      241      249  
 13      72       73       74      248      249      250  
 13      73       72       71      249      248      247  
 13     230      247      248      236      251      252  
 13     247      241      249      251      246      253  
 13     248      249      250      252      253      254  
 13     249      248      247      253      252      251  
 13      66       71       63      241      247      238  
 13      71       56       55      247      230      229  
 13      63       55       54      238      229      228  
 13      55       63       71      229      238      247  
 13     241      247      238      246      251      243  
 13     247      230      229      251      236      235  
 13     238      229      228      243      235      234  
 13     229      238      247      235      243      251  
 13     231      232      233      255      256      257  
 13     232      234      235      256      258      259  
 13     233      235      236      257      259      260  
 13     235      233      232      259      257      256  
 13     255      256      257      261      262      263  
 13     256      258      259      262      264      265  
 13     257      259      260      263      265      266  
 13     259      257      256      265      263      262  
 13     234      242      243      258      267      268  
 13     242      244      245      267      269      270  
 13     243      245      246      268      270      271  
 13     245      243      242      270      268      267  
 13     258      267      268      264      272      273  
 13     267      269      270      272      274      275  
 13     268      270      271      273      275      276  
 13     270      268      267      275      273      272  
 13     236      251      252      260      277      278  
 13     251      246      253      277      271      279  
 13     252      253      254      278      279      280  
 13     253      252      251      279      278      277  
 13     260      277      278      266      281      282  
 13     277      271      279      281      276      283  
 13     278      279      280      282      283      284  
 13     279      278      277      283      282      281  
 13     246      251      243      271      277      268  
 13     251      236      235      277      260      259  
 13     243      235      234      268      259      258  
 13     235      243      251      259      268      277  
 13     271      277      268      276      281      273  
 13     277      260      259      281      266      265  
 13     268      259      258      273      265      264  
 13     259      268      277      265      273      281  
 13      64      122      123      239      285      286  
 13     122      124      125      285      287      288  
 13     123      125      126      286      288      289  
 13     125      123      122      288      286      285  
 13     239      285      286      244      290      291  
 13     285      287      288      290      292      293  
 13     286      288      289      291      293      294  
 13     288      286      285      293      291      290  
 13     124      132      133      287      295      296  
 13     132      134      135      295      297      298  
 13     133      135      136      296      298      299  
 13     135      133      132      298      296      295  
 13     287      295      296      292      300      301  
 13     295      297      298      300      302      303  
 13     296      298      299      301      303      304  
 13     298      296      295      303      301      300  
 13     126      141      142      289      305      306  
 13     141      136      143      305      299      307  
 13     142      143      144      306      307      308  
 13     143      142      141      307      306      305  
 13     289      305      306      294      309      310  
 13     305      299      307      309      304      311  
 13     306      307      308      310      311      312  
 13     307      306      305      311      310      309  
 13     136      141      133      299      305      296  
 13     141      126      125      305      289      288  
 13     133      125      124      296      288      287  
 13     125      133      141      288      296      305  
 13     299      305      296      304      309      301  
 13     305      289      288      309      294      293  
 13     296      288      287      301      293      292  
 13     288      296      305      293      301      309  
 13     244      290      291      269      313      314  
 13     290      292      293      313      315      316  
 13     291      293      294      314      316      317  
 13     293      291      290      316      314      313  
 13     269      313      314      274      318      319  
 13     313      315      316      318      320      321  
 13     314      316      317      319      321      322  
 13     316      314      313      321      319      318  
 13     292      300      301      315      323      324  
 13     300      302      303      323      325      326  
 13     301      303      304      324      326      327  
 13     303      301      300      326      324      323  
 13     315      323      324      320      328      329  
 13     323      325      326      328      330      331  
 13     324      326      327      329      331      332  
 13     326      324      323      331      329      328  
 13     294      309      310      317      333      334  
 13     309      304      311      333      327      335  
 13     310      311      312      334      335      336  
 13     311      310      309      335      334      333  
 13     317      333      334      322      337      338  
 13     333      327      335      337      332      339  
 13     334      335      336      338      339      340  
 13     335      334      333      339      338      337  
 13     304      309      301      327      333      324  
 13     309      294      293      333      317      316  
 13     301      293      292      324      316      315  
 13     293      301      309      316      324      333  
 13     327      333      324      332      337      329  
 13     333      317      316      337      322      321  
 13     324      316      315      329      321      320  
 13     316      324      333      321      329      337  
 13      74      189      190      250      341      342  
 13     189      191      192      341      343      344  
 13     190      192      193      342      344      345  
 13     192      190      189      344      342      341  
 13     250      341      342      254      346      347  
 13     341      343      344      346      348      349  
 13     342      344      345      347      349      350  
 13     344      342      341      349      347      346  
 13     191      198      199      343      351      352  
 13     198      144      200      351      308      353  
 13     199      200      201      352      353      354  
 13     200      199      198      353      352      351  
 13     343      351      352      348      355      356  
 13     351      308      353      355      312      357  
 13     352      353      354      356      357      358  
 13     353      352      351      357      356      355  
 13     193      206      207      345      359      360  
 13     206      201      208      359      354      361  
 13     207      208      209      360      361      362  
 13     208      207      206      361      360      359  
 13     345      359      360      350      363      364  
 13     359      354      361      363      358      365  
 13     360      361      362      364      365      366  
 13     361      360      359      365      364      363  
 13     201      206      199      354      359      352  
 13     206      193      192      359      345      344  
 13     199      192      191      352      344      343  
 13     192      199      206      344      352      359  
 13     354      359      352      358      363      356  
 13     359      345      344      363      350      349  
 13     352      344      343      356      349      348  
 13     344      352      359      349      356      363  
 13     254      346      347      280      367      368  
 13     346      348      349      367      369      370  
 13     347      349      350      368      370      371  
 13     349      347      346      370      368      367  
 13     280      367      368      284      372      373  
 13     367      369      370      372      374      375  
 13     368      370      371      373      375      376  
 13     370      368      367      375      373      372  
 13     348      355      356      369      377      378  
 13     355      312      357      377      336      379  
 13     356      357      358      378      379      380  
 13     357      356      355      379      378      377  
 13     369      377      378      374      381      382  
 13     377      336      379      381      340      383  
 13     378      379      380      382      383      384  
 13     379      378      377      383      382      381  
 13     350      363      364      371      385      386  
 13     363      358      365      385      380      387  
 13     364      365      366      386      387      388  
 13     365      364      363      387      386      385  
 13     371      385      386      376      389      390  
 13     385      380      387      389      384      391  
 13     386      387      388      390      391      392  
 13     387      386      385      391      390      389  
 13     358      363      356      380      385      378  
 13     363      350      349      385      371      370  
 13     356      349      348      378      370      369  
 13     349      356      363      370      378      385  
 13     380      385      378      384      389      382  
 13     385      371      370      389      376      375  
 13     378      370      369      382      375      374  
 13     370      378      385      375      382      389  
 13     144      198      142      308      351      306  
 13     198      191      220      351      343      393  
 13     142      220      126      306      393      289  
 13     220      142      198      393      306      351  
 13     308      351      306      312      355      310  
 13     351      343      393      355      348      394  
 13     306      393      289      310      394      294  
 13     393      306      351      394      310      355  
 13     191      189      222      343      341      395  
 13     189       74       73      341      250      249  
 13     222       73       66      395      249      241  
 13      73      222      189      249      395      341  
 13     343      341      395      348      346      396  
 13     341      250      249      346      254      253  
 13     395      249      241      396      253      246  
 13     249      395      341      253      396      346  
 13     126      224      123      289      397      286  
 13     224       66       65      397      241      240  
 13     123       65       64      286      240      239  
 13      65      123      224      240      286      397  
 13     289      397      286      294      398      291  
 13     397      241      240      398      246      245  
 13     286      240      239      291      245      244  
 13     240      286      397      245      291      398  
 13      66      224      222      241      397      395  
 13     224      126      220      397      289      393  
 13     222      220      191      395      393      343  
 13     220      222      224      393      395      397  
 13     241      397      395      246      398      396  
 13     397      289      393      398      294      394  
 13     395      393      343      396      394      348  
 13     393      395      397      394      396      398  
 13     312      355      310      336      377      334  
 13     355      348      394      377      369      399  
 13     310      394      294      334      399      317  
 13     394      310      355      399      334      377  
 13     336      377      334      340      381      338  
 13     377      369      399      381      374      400  
 13     334      399      317      338      400      322  
 13     399      334      377      400      338      381  
 13     348      346      396      369      367      401  
 13     346      254      253      367      280      279  
 13     396      253      246      401      279      271  
 13     253      396      346      279      401      367  
 13     369      367      401      374      372      402  
 13     367      280      279      372      284      283  
 13     401      279      271      402      283      276  
 13     279      401      367      283      402      372  
 13     294      398      291      317      403      314  
 13     398      246      245      403      271      270  
 13     291      245      244      314      270      269  
 13     245      291      398      270      314      403  
 13     317      403      314      322      404      319  
 13     403      271      270      404      276      275  
 13     314      270      269      319      275      274  
 13     270      314      403      275      319      404  
 13     246      398      396      271      403      401  
 13     398      294      394      403      317      399  
 13     396      394      348      401      399      369  
 13     394      396      398      399      401      403  
 13     271      403      401      276      404      402  
 13     403      317      399      404      322      400  
 13     401      399      369      402      400      374  
 13     399      401      403      400      402      404  
