75
  0.000000E+00 ,  0.000000E+00 ,  0.000000E+00 
  2.500000E-01 ,  0.000000E+00 ,  0.000000E+00 
  0.000000E+00 ,  2.500000E-01 ,  0.000000E+00 
  0.000000E+00 ,  0.000000E+00 ,  2.500000E-01 
  2.500000E-01 ,  0.000000E+00 ,  2.500000E-01 
  0.000000E+00 ,  2.500000E-01 ,  2.500000E-01 
  5.000000E-01 ,  0.000000E+00 ,  0.000000E+00 
  2.500000E-01 ,  2.500000E-01 ,  0.000000E+00 
  5.000000E-01 ,  0.000000E+00 ,  2.500000E-01 
  2.500000E-01 ,  2.500000E-01 ,  2.500000E-01 
  0.000000E+00 ,  5.000000E-01 ,  0.000000E+00 
  0.000000E+00 ,  5.000000E-01 ,  2.500000E-01 
  0.000000E+00 ,  0.000000E+00 ,  5.000000E-01 
  2.500000E-01 ,  0.000000E+00 ,  5.000000E-01 
  0.000000E+00 ,  2.500000E-01 ,  5.000000E-01 
  5.000000E-01 ,  0.000000E+00 ,  5.000000E-01 
  2.500000E-01 ,  2.500000E-01 ,  5.000000E-01 
  0.000000E+00 ,  5.000000E-01 ,  5.000000E-01 
  7.500000E-01 ,  0.000000E+00 ,  0.000000E+00 
  5.000000E-01 ,  2.500000E-01 ,  0.000000E+00 
  7.500000E-01 ,  0.000000E+00 ,  2.500000E-01 
  5.000000E-01 ,  2.500000E-01 ,  2.500000E-01 
  1.000000E+00 ,  0.000000E+00 ,  0.000000E+00 
  7.500000E-01 ,  2.500000E-01 ,  0.000000E+00 
  1.000000E+00 ,  0.000000E+00 ,  2.500000E-01 
  7.500000E-01 ,  2.500000E-01 ,  2.500000E-01 
  5.000000E-01 ,  5.000000E-01 ,  0.000000E+00 
  5.000000E-01 ,  5.000000E-01 ,  2.500000E-01 
  7.500000E-01 ,  0.000000E+00 ,  5.000000E-01 
  5.000000E-01 ,  2.500000E-01 ,  5.000000E-01 
  1.000000E+00 ,  0.000000E+00 ,  5.000000E-01 
  7.500000E-01 ,  2.500000E-01 ,  5.000000E-01 
  5.000000E-01 ,  5.000000E-01 ,  5.000000E-01 
  2.500000E-01 ,  5.000000E-01 ,  0.000000E+00 
  0.000000E+00 ,  7.500000E-01 ,  0.000000E+00 
  2.500000E-01 ,  5.000000E-01 ,  2.500000E-01 
  0.000000E+00 ,  7.500000E-01 ,  2.500000E-01 
  2.500000E-01 ,  7.500000E-01 ,  0.000000E+00 
  2.500000E-01 ,  7.500000E-01 ,  2.500000E-01 
  0.000000E+00 ,  1.000000E+00 ,  0.000000E+00 
  0.000000E+00 ,  1.000000E+00 ,  2.500000E-01 
  2.500000E-01 ,  5.000000E-01 ,  5.000000E-01 
  0.000000E+00 ,  7.500000E-01 ,  5.000000E-01 
  2.500000E-01 ,  7.500000E-01 ,  5.000000E-01 
  0.000000E+00 ,  1.000000E+00 ,  5.000000E-01 
  0.000000E+00 ,  0.000000E+00 ,  7.500000E-01 
  2.500000E-01 ,  0.000000E+00 ,  7.500000E-01 
  0.000000E+00 ,  2.500000E-01 ,  7.500000E-01 
  5.000000E-01 ,  0.000000E+00 ,  7.500000E-01 
  2.500000E-01 ,  2.500000E-01 ,  7.500000E-01 
  0.000000E+00 ,  5.000000E-01 ,  7.500000E-01 
  0.000000E+00 ,  0.000000E+00 ,  1.000000E+00 
  2.500000E-01 ,  0.000000E+00 ,  1.000000E+00 
  0.000000E+00 ,  2.500000E-01 ,  1.000000E+00 
  5.000000E-01 ,  0.000000E+00 ,  1.000000E+00 
  2.500000E-01 ,  2.500000E-01 ,  1.000000E+00 
  0.000000E+00 ,  5.000000E-01 ,  1.000000E+00 
  7.500000E-01 ,  0.000000E+00 ,  7.500000E-01 
  5.000000E-01 ,  2.500000E-01 ,  7.500000E-01 
  1.000000E+00 ,  0.000000E+00 ,  7.500000E-01 
  7.500000E-01 ,  2.500000E-01 ,  7.500000E-01 
  5.000000E-01 ,  5.000000E-01 ,  7.500000E-01 
  7.500000E-01 ,  0.000000E+00 ,  1.000000E+00 
  5.000000E-01 ,  2.500000E-01 ,  1.000000E+00 
  1.000000E+00 ,  0.000000E+00 ,  1.000000E+00 
  7.500000E-01 ,  2.500000E-01 ,  1.000000E+00 
  5.000000E-01 ,  5.000000E-01 ,  1.000000E+00 
  2.500000E-01 ,  5.000000E-01 ,  7.500000E-01 
  0.000000E+00 ,  7.500000E-01 ,  7.500000E-01 
  2.500000E-01 ,  7.500000E-01 ,  7.500000E-01 
  0.000000E+00 ,  1.000000E+00 ,  7.500000E-01 
  2.500000E-01 ,  5.000000E-01 ,  1.000000E+00 
  0.000000E+00 ,  7.500000E-01 ,  1.000000E+00 
  2.500000E-01 ,  7.500000E-01 ,  1.000000E+00 
  0.000000E+00 ,  1.000000E+00 ,  1.000000E+00 
64
 13       0        1        2        3        4        5  
 13       1        6        7        4        8        9  
 13       2        7       10        5        9       11  
 13       7        2        1        9        5        4  
 13       3        4        5       12       13       14  
 13       4        8        9       13       15       16  
 13       5        9       11       14       16       17  
 13       9        5        4       16       14       13  
 13       6       18       19        8       20       21  
 13      18       22       23       20       24       25  
 13      19       23       26       21       25       27  
 13      23       19       18       25       21       20  
 13       8       20       21       15       28       29  
 13      20       24       25       28       30       31  
 13      21       25       27       29       31       32  
 13      25       21       20       31       29       28  
 13      10       33       34       11       35       36  
 13      33       26       37       35       27       38  
 13      34       37       39       36       38       40  
 13      37       34       33       38       36       35  
 13      11       35       36       17       41       42  
 13      35       27       38       41       32       43  
 13      36       38       40       42       43       44  
 13      38       36       35       43       42       41  
 13      26       33       19       27       35       21  
 13      33       10        7       35       11        9  
 13      19        7        6       21        9        8  
 13       7       19       33        9       21       35  
 13      27       35       21       32       41       29  
 13      35       11        9       41       17       16  
 13      21        9        8       29       16       15  
 13       9       21       35       16       29       41  
 13      12       13       14       45       46       47  
 13      13       15       16       46       48       49  
 13      14       16       17       47       49       50  
 13      16       14       13       49       47       46  
 13      45       46       47       51       52       53  
 13      46       48       49       52       54       55  
 13      47       49       50       53       55       56  
 13      49       47       46       55       53       52  
 13      15       28       29       48       57       58  
 13      28       30       31       57       59       60  
 13      29       31       32       58       60       61  
 13      31       29       28       60       58       57  
 13      48       57       58       54       62       63  
 13      57       59       60       62       64       65  
 13      58       60       61       63       65       66  
 13      60       58       57       65       63       62  
 13      17       41       42       50       67       68  
 13      41       32       43       67       61       69  
 13      42       43       44       68       69       70  
 13      43       42       41       69       68       67  
 13      50       67       68       56       71       72  
 13      67       61       69       71       66       73  
 13      68       69       70       72       73       74  
 13      69       68       67       73       72       71  
 13      32       41       29       61       67       58  
 13      41       17       16       67       50       49  
 13      29       16       15       58       49       48  
 13      16       29       41       49       58       67  
 13      61       67       58       66       71       63  
 13      67       50       49       71       56       55  
 13      58       49       48       63       55       54  
 13      49       58       67       55       63       71  

