165
  0.000000E+00 ,  0.000000E+00 ,  0.000000E+00 
  1.250000E-01 ,  0.000000E+00 ,  0.000000E+00 
  0.000000E+00 ,  1.250000E-01 ,  0.000000E+00 
  0.000000E+00 ,  0.000000E+00 ,  1.250000E-01 
  2.500000E-01 ,  0.000000E+00 ,  0.000000E+00 
  1.250000E-01 ,  1.250000E-01 ,  0.000000E+00 
  1.250000E-01 ,  0.000000E+00 ,  1.250000E-01 
  0.000000E+00 ,  2.500000E-01 ,  0.000000E+00 
  0.000000E+00 ,  1.250000E-01 ,  1.250000E-01 
  0.000000E+00 ,  0.000000E+00 ,  2.500000E-01 
  3.750000E-01 ,  0.000000E+00 ,  0.000000E+00 
  2.500000E-01 ,  1.250000E-01 ,  0.000000E+00 
  2.500000E-01 ,  0.000000E+00 ,  1.250000E-01 
  5.000000E-01 ,  0.000000E+00 ,  0.000000E+00 
  3.750000E-01 ,  1.250000E-01 ,  0.000000E+00 
  3.750000E-01 ,  0.000000E+00 ,  1.250000E-01 
  2.500000E-01 ,  2.500000E-01 ,  0.000000E+00 
  2.500000E-01 ,  1.250000E-01 ,  1.250000E-01 
  2.500000E-01 ,  0.000000E+00 ,  2.500000E-01 
  1.250000E-01 ,  2.500000E-01 ,  0.000000E+00 
  0.000000E+00 ,  3.750000E-01 ,  0.000000E+00 
  0.000000E+00 ,  2.500000E-01 ,  1.250000E-01 
  1.250000E-01 ,  3.750000E-01 ,  0.000000E+00 
  1.250000E-01 ,  2.500000E-01 ,  1.250000E-01 
  0.000000E+00 ,  5.000000E-01 ,  0.000000E+00 
  0.000000E+00 ,  3.750000E-01 ,  1.250000E-01 
  0.000000E+00 ,  2.500000E-01 ,  2.500000E-01 
  1.250000E-01 ,  0.000000E+00 ,  2.500000E-01 
  0.000000E+00 ,  1.250000E-01 ,  2.500000E-01 
  0.000000E+00 ,  0.000000E+00 ,  3.750000E-01 
  1.250000E-01 ,  1.250000E-01 ,  2.500000E-01 
  1.250000E-01 ,  0.000000E+00 ,  3.750000E-01 
  0.000000E+00 ,  1.250000E-01 ,  3.750000E-01 
  0.000000E+00 ,  0.000000E+00 ,  5.000000E-01 
  1.250000E-01 ,  1.250000E-01 ,  1.250000E-01 
  6.250000E-01 ,  0.000000E+00 ,  0.000000E+00 
  5.000000E-01 ,  1.250000E-01 ,  0.000000E+00 
  5.000000E-01 ,  0.000000E+00 ,  1.250000E-01 
  7.500000E-01 ,  0.000000E+00 ,  0.000000E+00 
  6.250000E-01 ,  1.250000E-01 ,  0.000000E+00 
  6.250000E-01 ,  0.000000E+00 ,  1.250000E-01 
  5.000000E-01 ,  2.500000E-01 ,  0.000000E+00 
  5.000000E-01 ,  1.250000E-01 ,  1.250000E-01 
  5.000000E-01 ,  0.000000E+00 ,  2.500000E-01 
  8.750000E-01 ,  0.000000E+00 ,  0.000000E+00 
  7.500000E-01 ,  1.250000E-01 ,  0.000000E+00 
  7.500000E-01 ,  0.000000E+00 ,  1.250000E-01 
  1.000000E+00 ,  0.000000E+00 ,  0.000000E+00 
  8.750000E-01 ,  1.250000E-01 ,  0.000000E+00 
  8.750000E-01 ,  0.000000E+00 ,  1.250000E-01 
  7.500000E-01 ,  2.500000E-01 ,  0.000000E+00 
  7.500000E-01 ,  1.250000E-01 ,  1.250000E-01 
  7.500000E-01 ,  0.000000E+00 ,  2.500000E-01 
  6.250000E-01 ,  2.500000E-01 ,  0.000000E+00 
  5.000000E-01 ,  3.750000E-01 ,  0.000000E+00 
  5.000000E-01 ,  2.500000E-01 ,  1.250000E-01 
  6.250000E-01 ,  3.750000E-01 ,  0.000000E+00 
  6.250000E-01 ,  2.500000E-01 ,  1.250000E-01 
  5.000000E-01 ,  5.000000E-01 ,  0.000000E+00 
  5.000000E-01 ,  3.750000E-01 ,  1.250000E-01 
  5.000000E-01 ,  2.500000E-01 ,  2.500000E-01 
  6.250000E-01 ,  0.000000E+00 ,  2.500000E-01 
  5.000000E-01 ,  1.250000E-01 ,  2.500000E-01 
  5.000000E-01 ,  0.000000E+00 ,  3.750000E-01 
  6.250000E-01 ,  1.250000E-01 ,  2.500000E-01 
  6.250000E-01 ,  0.000000E+00 ,  3.750000E-01 
  5.000000E-01 ,  1.250000E-01 ,  3.750000E-01 
  5.000000E-01 ,  0.000000E+00 ,  5.000000E-01 
  6.250000E-01 ,  1.250000E-01 ,  1.250000E-01 
  1.250000E-01 ,  5.000000E-01 ,  0.000000E+00 
  0.000000E+00 ,  6.250000E-01 ,  0.000000E+00 
  0.000000E+00 ,  5.000000E-01 ,  1.250000E-01 
  2.500000E-01 ,  5.000000E-01 ,  0.000000E+00 
  1.250000E-01 ,  6.250000E-01 ,  0.000000E+00 
  1.250000E-01 ,  5.000000E-01 ,  1.250000E-01 
  0.000000E+00 ,  7.500000E-01 ,  0.000000E+00 
  0.000000E+00 ,  6.250000E-01 ,  1.250000E-01 
  0.000000E+00 ,  5.000000E-01 ,  2.500000E-01 
  3.750000E-01 ,  5.000000E-01 ,  0.000000E+00 
  2.500000E-01 ,  6.250000E-01 ,  0.000000E+00 
  2.500000E-01 ,  5.000000E-01 ,  1.250000E-01 
  3.750000E-01 ,  6.250000E-01 ,  0.000000E+00 
  3.750000E-01 ,  5.000000E-01 ,  1.250000E-01 
  2.500000E-01 ,  7.500000E-01 ,  0.000000E+00 
  2.500000E-01 ,  6.250000E-01 ,  1.250000E-01 
  2.500000E-01 ,  5.000000E-01 ,  2.500000E-01 
  1.250000E-01 ,  7.500000E-01 ,  0.000000E+00 
  0.000000E+00 ,  8.750000E-01 ,  0.000000E+00 
  0.000000E+00 ,  7.500000E-01 ,  1.250000E-01 
  1.250000E-01 ,  8.750000E-01 ,  0.000000E+00 
  1.250000E-01 ,  7.500000E-01 ,  1.250000E-01 
  0.000000E+00 ,  1.000000E+00 ,  0.000000E+00 
  0.000000E+00 ,  8.750000E-01 ,  1.250000E-01 
  0.000000E+00 ,  7.500000E-01 ,  2.500000E-01 
  1.250000E-01 ,  5.000000E-01 ,  2.500000E-01 
  0.000000E+00 ,  6.250000E-01 ,  2.500000E-01 
  0.000000E+00 ,  5.000000E-01 ,  3.750000E-01 
  1.250000E-01 ,  6.250000E-01 ,  2.500000E-01 
  1.250000E-01 ,  5.000000E-01 ,  3.750000E-01 
  0.000000E+00 ,  6.250000E-01 ,  3.750000E-01 
  0.000000E+00 ,  5.000000E-01 ,  5.000000E-01 
  1.250000E-01 ,  6.250000E-01 ,  1.250000E-01 
  1.250000E-01 ,  0.000000E+00 ,  5.000000E-01 
  0.000000E+00 ,  1.250000E-01 ,  5.000000E-01 
  0.000000E+00 ,  0.000000E+00 ,  6.250000E-01 
  2.500000E-01 ,  0.000000E+00 ,  5.000000E-01 
  1.250000E-01 ,  1.250000E-01 ,  5.000000E-01 
  1.250000E-01 ,  0.000000E+00 ,  6.250000E-01 
  0.000000E+00 ,  2.500000E-01 ,  5.000000E-01 
  0.000000E+00 ,  1.250000E-01 ,  6.250000E-01 
  0.000000E+00 ,  0.000000E+00 ,  7.500000E-01 
  3.750000E-01 ,  0.000000E+00 ,  5.000000E-01 
  2.500000E-01 ,  1.250000E-01 ,  5.000000E-01 
  2.500000E-01 ,  0.000000E+00 ,  6.250000E-01 
  3.750000E-01 ,  1.250000E-01 ,  5.000000E-01 
  3.750000E-01 ,  0.000000E+00 ,  6.250000E-01 
  2.500000E-01 ,  2.500000E-01 ,  5.000000E-01 
  2.500000E-01 ,  1.250000E-01 ,  6.250000E-01 
  2.500000E-01 ,  0.000000E+00 ,  7.500000E-01 
  1.250000E-01 ,  2.500000E-01 ,  5.000000E-01 
  0.000000E+00 ,  3.750000E-01 ,  5.000000E-01 
  0.000000E+00 ,  2.500000E-01 ,  6.250000E-01 
  1.250000E-01 ,  3.750000E-01 ,  5.000000E-01 
  1.250000E-01 ,  2.500000E-01 ,  6.250000E-01 
  0.000000E+00 ,  3.750000E-01 ,  6.250000E-01 
  0.000000E+00 ,  2.500000E-01 ,  7.500000E-01 
  1.250000E-01 ,  0.000000E+00 ,  7.500000E-01 
  0.000000E+00 ,  1.250000E-01 ,  7.500000E-01 
  0.000000E+00 ,  0.000000E+00 ,  8.750000E-01 
  1.250000E-01 ,  1.250000E-01 ,  7.500000E-01 
  1.250000E-01 ,  0.000000E+00 ,  8.750000E-01 
  0.000000E+00 ,  1.250000E-01 ,  8.750000E-01 
  0.000000E+00 ,  0.000000E+00 ,  1.000000E+00 
  1.250000E-01 ,  1.250000E-01 ,  6.250000E-01 
  3.750000E-01 ,  1.250000E-01 ,  1.250000E-01 
  2.500000E-01 ,  2.500000E-01 ,  2.500000E-01 
  2.500000E-01 ,  1.250000E-01 ,  2.500000E-01 
  3.750000E-01 ,  1.250000E-01 ,  2.500000E-01 
  3.750000E-01 ,  0.000000E+00 ,  2.500000E-01 
  1.250000E-01 ,  3.750000E-01 ,  3.750000E-01 
  1.250000E-01 ,  2.500000E-01 ,  3.750000E-01 
  2.500000E-01 ,  2.500000E-01 ,  3.750000E-01 
  1.250000E-01 ,  1.250000E-01 ,  3.750000E-01 
  2.500000E-01 ,  0.000000E+00 ,  3.750000E-01 
  3.750000E-01 ,  1.250000E-01 ,  3.750000E-01 
  3.750000E-01 ,  0.000000E+00 ,  3.750000E-01 
  2.500000E-01 ,  1.250000E-01 ,  3.750000E-01 
  3.750000E-01 ,  2.500000E-01 ,  1.250000E-01 
  2.500000E-01 ,  3.750000E-01 ,  2.500000E-01 
  2.500000E-01 ,  3.750000E-01 ,  3.750000E-01 
  3.750000E-01 ,  2.500000E-01 ,  3.750000E-01 
  3.750000E-01 ,  3.750000E-01 ,  1.250000E-01 
  3.750000E-01 ,  3.750000E-01 ,  2.500000E-01 
  3.750000E-01 ,  2.500000E-01 ,  2.500000E-01 
  2.500000E-01 ,  2.500000E-01 ,  1.250000E-01 
  3.750000E-01 ,  2.500000E-01 ,  0.000000E+00 
  1.250000E-01 ,  3.750000E-01 ,  2.500000E-01 
  3.750000E-01 ,  3.750000E-01 ,  0.000000E+00 
  1.250000E-01 ,  3.750000E-01 ,  1.250000E-01 
  2.500000E-01 ,  3.750000E-01 ,  0.000000E+00 
  2.500000E-01 ,  3.750000E-01 ,  1.250000E-01 
  0.000000E+00 ,  3.750000E-01 ,  3.750000E-01 
  0.000000E+00 ,  3.750000E-01 ,  2.500000E-01 
  0.000000E+00 ,  2.500000E-01 ,  3.750000E-01 
  1.250000E-01 ,  2.500000E-01 ,  2.500000E-01 
512
 10       0        1        2        3  
 10       1        4        5        6  
 10       2        5        7        8  
 10       3        6        8        9  
 10       1        8        3        6  
 10       1        8        6        5  
 10       1        8        5        2  
 10       1        8        2        3  
 10       4       10       11       12  
 10      10       13       14       15  
 10      11       14       16       17  
 10      12       15       17       18  
 10      10       17       12       15  
 10      10       17       15       14  
 10      10       17       14       11  
 10      10       17       11       12  
 10       7       19       20       21  
 10      19       16       22       23  
 10      20       22       24       25  
 10      21       23       25       26  
 10      19       25       21       23  
 10      19       25       23       22  
 10      19       25       22       20  
 10      19       25       20       21  
 10       9       27       28       29  
 10      27       18       30       31  
 10      28       30       26       32  
 10      29       31       32       33  
 10      27       32       29       31  
 10      27       32       31       30  
 10      27       32       30       28  
 10      27       32       28       29  
 10       4       34        6       12  
 10      34       26       28       30  
 10       6       28        9       27  
 10      12       30       27       18  
 10      34       27       12       30  
 10      34       27       30       28  
 10      34       27       28        6  
 10      34       27        6       12  
 10       4       34       12       11  
 10      34       26       30       23  
 10      12       30       18       17  
 10      11       23       17       16  
 10      34       17       11       23  
 10      34       17       23       30  
 10      34       17       30       12  
 10      34       17       12       11  
 10       4       34       11        5  
 10      34       26       23       21  
 10      11       23       16       19  
 10       5       21       19        7  
 10      34       19        5       21  
 10      34       19       21       23  
 10      34       19       23       11  
 10      34       19       11        5  
 10       4       34        5        6  
 10      34       26       21       28  
 10       5       21        7        8  
 10       6       28        8        9  
 10      34        8        6       28  
 10      34        8       28       21  
 10      34        8       21        5  
 10      34        8        5        6  
 10      13       35       36       37  
 10      35       38       39       40  
 10      36       39       41       42  
 10      37       40       42       43  
 10      35       42       37       40  
 10      35       42       40       39  
 10      35       42       39       36  
 10      35       42       36       37  
 10      38       44       45       46  
 10      44       47       48       49  
 10      45       48       50       51  
 10      46       49       51       52  
 10      44       51       46       49  
 10      44       51       49       48  
 10      44       51       48       45  
 10      44       51       45       46  
 10      41       53       54       55  
 10      53       50       56       57  
 10      54       56       58       59  
 10      55       57       59       60  
 10      53       59       55       57  
 10      53       59       57       56  
 10      53       59       56       54  
 10      53       59       54       55  
 10      43       61       62       63  
 10      61       52       64       65  
 10      62       64       60       66  
 10      63       65       66       67  
 10      61       66       63       65  
 10      61       66       65       64  
 10      61       66       64       62  
 10      61       66       62       63  
 10      38       68       40       46  
 10      68       60       62       64  
 10      40       62       43       61  
 10      46       64       61       52  
 10      68       61       46       64  
 10      68       61       64       62  
 10      68       61       62       40  
 10      68       61       40       46  
 10      38       68       46       45  
 10      68       60       64       57  
 10      46       64       52       51  
 10      45       57       51       50  
 10      68       51       45       57  
 10      68       51       57       64  
 10      68       51       64       46  
 10      68       51       46       45  
 10      38       68       45       39  
 10      68       60       57       55  
 10      45       57       50       53  
 10      39       55       53       41  
 10      68       53       39       55  
 10      68       53       55       57  
 10      68       53       57       45  
 10      68       53       45       39  
 10      38       68       39       40  
 10      68       60       55       62  
 10      39       55       41       42  
 10      40       62       42       43  
 10      68       42       40       62  
 10      68       42       62       55  
 10      68       42       55       39  
 10      68       42       39       40  
 10      24       69       70       71  
 10      69       72       73       74  
 10      70       73       75       76  
 10      71       74       76       77  
 10      69       76       71       74  
 10      69       76       74       73  
 10      69       76       73       70  
 10      69       76       70       71  
 10      72       78       79       80  
 10      78       58       81       82  
 10      79       81       83       84  
 10      80       82       84       85  
 10      78       84       80       82  
 10      78       84       82       81  
 10      78       84       81       79  
 10      78       84       79       80  
 10      75       86       87       88  
 10      86       83       89       90  
 10      87       89       91       92  
 10      88       90       92       93  
 10      86       92       88       90  
 10      86       92       90       89  
 10      86       92       89       87  
 10      86       92       87       88  
 10      77       94       95       96  
 10      94       85       97       98  
 10      95       97       93       99  
 10      96       98       99      100  
 10      94       99       96       98  
 10      94       99       98       97  
 10      94       99       97       95  
 10      94       99       95       96  
 10      72      101       74       80  
 10     101       93       95       97  
 10      74       95       77       94  
 10      80       97       94       85  
 10     101       94       80       97  
 10     101       94       97       95  
 10     101       94       95       74  
 10     101       94       74       80  
 10      72      101       80       79  
 10     101       93       97       90  
 10      80       97       85       84  
 10      79       90       84       83  
 10     101       84       79       90  
 10     101       84       90       97  
 10     101       84       97       80  
 10     101       84       80       79  
 10      72      101       79       73  
 10     101       93       90       88  
 10      79       90       83       86  
 10      73       88       86       75  
 10     101       86       73       88  
 10     101       86       88       90  
 10     101       86       90       79  
 10     101       86       79       73  
 10      72      101       73       74  
 10     101       93       88       95  
 10      73       88       75       76  
 10      74       95       76       77  
 10     101       76       74       95  
 10     101       76       95       88  
 10     101       76       88       73  
 10     101       76       73       74  
 10      33      102      103      104  
 10     102      105      106      107  
 10     103      106      108      109  
 10     104      107      109      110  
 10     102      109      104      107  
 10     102      109      107      106  
 10     102      109      106      103  
 10     102      109      103      104  
 10     105      111      112      113  
 10     111       67      114      115  
 10     112      114      116      117  
 10     113      115      117      118  
 10     111      117      113      115  
 10     111      117      115      114  
 10     111      117      114      112  
 10     111      117      112      113  
 10     108      119      120      121  
 10     119      116      122      123  
 10     120      122      100      124  
 10     121      123      124      125  
 10     119      124      121      123  
 10     119      124      123      122  
 10     119      124      122      120  
 10     119      124      120      121  
 10     110      126      127      128  
 10     126      118      129      130  
 10     127      129      125      131  
 10     128      130      131      132  
 10     126      131      128      130  
 10     126      131      130      129  
 10     126      131      129      127  
 10     126      131      127      128  
 10     105      133      107      113  
 10     133      125      127      129  
 10     107      127      110      126  
 10     113      129      126      118  
 10     133      126      113      129  
 10     133      126      129      127  
 10     133      126      127      107  
 10     133      126      107      113  
 10     105      133      113      112  
 10     133      125      129      123  
 10     113      129      118      117  
 10     112      123      117      116  
 10     133      117      112      123  
 10     133      117      123      129  
 10     133      117      129      113  
 10     133      117      113      112  
 10     105      133      112      106  
 10     133      125      123      121  
 10     112      123      116      119  
 10     106      121      119      108  
 10     133      119      106      121  
 10     133      119      121      123  
 10     133      119      123      112  
 10     133      119      112      106  
 10     105      133      106      107  
 10     133      125      121      127  
 10     106      121      108      109  
 10     107      127      109      110  
 10     133      109      107      127  
 10     133      109      127      121  
 10     133      109      121      106  
 10     133      109      106      107  
 10      13      134       15       37  
 10     134      135      136      137  
 10      15      136       18      138  
 10      37      137      138       43  
 10     134      138       37      137  
 10     134      138      137      136  
 10     134      138      136       15  
 10     134      138       15       37  
 10     135      139      140      141  
 10     139      100      120      122  
 10     140      120      108      119  
 10     141      122      119      116  
 10     139      119      141      122  
 10     139      119      122      120  
 10     139      119      120      140  
 10     139      119      140      141  
 10      18      142       31      143  
 10     142      108      103      106  
 10      31      103       33      102  
 10     143      106      102      105  
 10     142      102      143      106  
 10     142      102      106      103  
 10     142      102      103       31  
 10     142      102       31      143  
 10      43      144      145       63  
 10     144      116      112      114  
 10     145      112      105      111  
 10      63      114      111       67  
 10     144      111       63      114  
 10     144      111      114      112  
 10     144      111      112      145  
 10     144      111      145       63  
 10     135      146      137      141  
 10     146      105      145      112  
 10     137      145       43      144  
 10     141      112      144      116  
 10     146      144      141      112  
 10     146      144      112      145  
 10     146      144      145      137  
 10     146      144      137      141  
 10     135      146      141      140  
 10     146      105      112      106  
 10     141      112      116      119  
 10     140      106      119      108  
 10     146      119      140      106  
 10     146      119      106      112  
 10     146      119      112      141  
 10     146      119      141      140  
 10     135      146      140      136  
 10     146      105      106      143  
 10     140      106      108      142  
 10     136      143      142       18  
 10     146      142      136      143  
 10     146      142      143      106  
 10     146      142      106      140  
 10     146      142      140      136  
 10     135      146      136      137  
 10     146      105      143      145  
 10     136      143       18      138  
 10     137      145      138       43  
 10     146      138      137      145  
 10     146      138      145      143  
 10     146      138      143      136  
 10     146      138      136      137  
 10      13      134       37       36  
 10     134      135      137      147  
 10      37      137       43       42  
 10      36      147       42       41  
 10     134       42       36      147  
 10     134       42      147      137  
 10     134       42      137       37  
 10     134       42       37       36  
 10     135      139      141      148  
 10     139      100      122       98  
 10     141      122      116      149  
 10     148       98      149       85  
 10     139      149      148       98  
 10     139      149       98      122  
 10     139      149      122      141  
 10     139      149      141      148  
 10      43      144       63       62  
 10     144      116      114      150  
 10      63      114       67       66  
 10      62      150       66       60  
 10     144       66       62      150  
 10     144       66      150      114  
 10     144       66      114       63  
 10     144       66       63       62  
 10      41      151       55       54  
 10     151       85      152       82  
 10      55      152       60       59  
 10      54       82       59       58  
 10     151       59       54       82  
 10     151       59       82      152  
 10     151       59      152       55  
 10     151       59       55       54  
 10     135      153      147      148  
 10     153       60       55      152  
 10     147       55       41      151  
 10     148      152      151       85  
 10     153      151      148      152  
 10     153      151      152       55  
 10     153      151       55      147  
 10     153      151      147      148  
 10     135      153      148      141  
 10     153       60      152      150  
 10     148      152       85      149  
 10     141      150      149      116  
 10     153      149      141      150  
 10     153      149      150      152  
 10     153      149      152      148  
 10     153      149      148      141  
 10     135      153      141      137  
 10     153       60      150       62  
 10     141      150      116      144  
 10     137       62      144       43  
 10     153      144      137       62  
 10     153      144       62      150  
 10     153      144      150      141  
 10     153      144      141      137  
 10     135      153      137      147  
 10     153       60       62       55  
 10     137       62       43       42  
 10     147       55       42       41  
 10     153       42      147       55  
 10     153       42       55       62  
 10     153       42       62      137  
 10     153       42      137      147  
 10      13      134       36       14  
 10     134      135      147      154  
 10      36      147       41      155  
 10      14      154      155       16  
 10     134      155       14      154  
 10     134      155      154      147  
 10     134      155      147       36  
 10     134      155       36       14  
 10     135      139      148      156  
 10     139      100       98       96  
 10     148       98       85       94  
 10     156       96       94       77  
 10     139       94      156       96  
 10     139       94       96       98  
 10     139       94       98      148  
 10     139       94      148      156  
 10      41      151       54      157  
 10     151       85       82       80  
 10      54       82       58       78  
 10     157       80       78       72  
 10     151       78      157       80  
 10     151       78       80       82  
 10     151       78       82       54  
 10     151       78       54      157  
 10      16      158      159       22  
 10     158       77       74       71  
 10     159       74       72       69  
 10      22       71       69       24  
 10     158       69       22       71  
 10     158       69       71       74  
 10     158       69       74      159  
 10     158       69      159       22  
 10     135      160      154      156  
 10     160       72      159       74  
 10     154      159       16      158  
 10     156       74      158       77  
 10     160      158      156       74  
 10     160      158       74      159  
 10     160      158      159      154  
 10     160      158      154      156  
 10     135      160      156      148  
 10     160       72       74       80  
 10     156       74       77       94  
 10     148       80       94       85  
 10     160       94      148       80  
 10     160       94       80       74  
 10     160       94       74      156  
 10     160       94      156      148  
 10     135      160      148      147  
 10     160       72       80      157  
 10     148       80       85      151  
 10     147      157      151       41  
 10     160      151      147      157  
 10     160      151      157       80  
 10     160      151       80      148  
 10     160      151      148      147  
 10     135      160      147      154  
 10     160       72      157      159  
 10     147      157       41      155  
 10     154      159      155       16  
 10     160      155      154      159  
 10     160      155      159      157  
 10     160      155      157      147  
 10     160      155      147      154  
 10      13      134       14       15  
 10     134      135      154      136  
 10      14      154       16       17  
 10      15      136       17       18  
 10     134       17       15      136  
 10     134       17      136      154  
 10     134       17      154       14  
 10     134       17       14       15  
 10     135      139      156      140  
 10     139      100       96      120  
 10     156       96       77      161  
 10     140      120      161      108  
 10     139      161      140      120  
 10     139      161      120       96  
 10     139      161       96      156  
 10     139      161      156      140  
 10      16      158       22       23  
 10     158       77       71      162  
 10      22       71       24       25  
 10      23      162       25       26  
 10     158       25       23      162  
 10     158       25      162       71  
 10     158       25       71       22  
 10     158       25       22       23  
 10      18      142       30       31  
 10     142      108      163      103  
 10      30      163       26       32  
 10      31      103       32       33  
 10     142       32       31      103  
 10     142       32      103      163  
 10     142       32      163       30  
 10     142       32       30       31  
 10     135      164      136      140  
 10     164       26       30      163  
 10     136       30       18      142  
 10     140      163      142      108  
 10     164      142      140      163  
 10     164      142      163       30  
 10     164      142       30      136  
 10     164      142      136      140  
 10     135      164      140      156  
 10     164       26      163      162  
 10     140      163      108      161  
 10     156      162      161       77  
 10     164      161      156      162  
 10     164      161      162      163  
 10     164      161      163      140  
 10     164      161      140      156  
 10     135      164      156      154  
 10     164       26      162       23  
 10     156      162       77      158  
 10     154       23      158       16  
 10     164      158      154       23  
 10     164      158       23      162  
 10     164      158      162      156  
 10     164      158      156      154  
 10     135      164      154      136  
 10     164       26       23       30  
 10     154       23       16       17  
 10     136       30       17       18  
 10     164       17      136       30  
 10     164       17       30       23  
 10     164       17       23      154  
 10     164       17      154      136  
