10
  0.000000E+00 ,  0.000000E+00 ,  0.000000E+00 
  5.000000E-01 ,  0.000000E+00 ,  0.000000E+00 
  0.000000E+00 ,  5.000000E-01 ,  0.000000E+00 
  0.000000E+00 ,  0.000000E+00 ,  5.000000E-01 
  1.000000E+00 ,  0.000000E+00 ,  0.000000E+00 
  5.000000E-01 ,  5.000000E-01 ,  0.000000E+00 
  5.000000E-01 ,  0.000000E+00 ,  5.000000E-01 
  0.000000E+00 ,  1.000000E+00 ,  0.000000E+00 
  0.000000E+00 ,  5.000000E-01 ,  5.000000E-01 
  0.000000E+00 ,  0.000000E+00 ,  1.000000E+00 
8
 10       0        1        2        3  
 10       1        4        5        6  
 10       2        5        7        8  
 10       3        6        8        9  
 10       1        8        3        6  
 10       1        8        6        5  
 10       1        8        5        2  
 10       1        8        2        3  
