35
  0.000000E+00 ,  0.000000E+00 ,  0.000000E+00 
  2.500000E-01 ,  0.000000E+00 ,  0.000000E+00 
  0.000000E+00 ,  2.500000E-01 ,  0.000000E+00 
  0.000000E+00 ,  0.000000E+00 ,  2.500000E-01 
  5.000000E-01 ,  0.000000E+00 ,  0.000000E+00 
  2.500000E-01 ,  2.500000E-01 ,  0.000000E+00 
  2.500000E-01 ,  0.000000E+00 ,  2.500000E-01 
  0.000000E+00 ,  5.000000E-01 ,  0.000000E+00 
  0.000000E+00 ,  2.500000E-01 ,  2.500000E-01 
  0.000000E+00 ,  0.000000E+00 ,  5.000000E-01 
  7.500000E-01 ,  0.000000E+00 ,  0.000000E+00 
  5.000000E-01 ,  2.500000E-01 ,  0.000000E+00 
  5.000000E-01 ,  0.000000E+00 ,  2.500000E-01 
  1.000000E+00 ,  0.000000E+00 ,  0.000000E+00 
  7.500000E-01 ,  2.500000E-01 ,  0.000000E+00 
  7.500000E-01 ,  0.000000E+00 ,  2.500000E-01 
  5.000000E-01 ,  5.000000E-01 ,  0.000000E+00 
  5.000000E-01 ,  2.500000E-01 ,  2.500000E-01 
  5.000000E-01 ,  0.000000E+00 ,  5.000000E-01 
  2.500000E-01 ,  5.000000E-01 ,  0.000000E+00 
  0.000000E+00 ,  7.500000E-01 ,  0.000000E+00 
  0.000000E+00 ,  5.000000E-01 ,  2.500000E-01 
  2.500000E-01 ,  7.500000E-01 ,  0.000000E+00 
  2.500000E-01 ,  5.000000E-01 ,  2.500000E-01 
  0.000000E+00 ,  1.000000E+00 ,  0.000000E+00 
  0.000000E+00 ,  7.500000E-01 ,  2.500000E-01 
  0.000000E+00 ,  5.000000E-01 ,  5.000000E-01 
  2.500000E-01 ,  0.000000E+00 ,  5.000000E-01 
  0.000000E+00 ,  2.500000E-01 ,  5.000000E-01 
  0.000000E+00 ,  0.000000E+00 ,  7.500000E-01 
  2.500000E-01 ,  2.500000E-01 ,  5.000000E-01 
  2.500000E-01 ,  0.000000E+00 ,  7.500000E-01 
  0.000000E+00 ,  2.500000E-01 ,  7.500000E-01 
  0.000000E+00 ,  0.000000E+00 ,  1.000000E+00 
  2.500000E-01 ,  2.500000E-01 ,  2.500000E-01 
64
 10       0        1        2        3  
 10       1        4        5        6  
 10       2        5        7        8  
 10       3        6        8        9  
 10       1        8        3        6  
 10       1        8        6        5  
 10       1        8        5        2  
 10       1        8        2        3  
 10       4       10       11       12  
 10      10       13       14       15  
 10      11       14       16       17  
 10      12       15       17       18  
 10      10       17       12       15  
 10      10       17       15       14  
 10      10       17       14       11  
 10      10       17       11       12  
 10       7       19       20       21  
 10      19       16       22       23  
 10      20       22       24       25  
 10      21       23       25       26  
 10      19       25       21       23  
 10      19       25       23       22  
 10      19       25       22       20  
 10      19       25       20       21  
 10       9       27       28       29  
 10      27       18       30       31  
 10      28       30       26       32  
 10      29       31       32       33  
 10      27       32       29       31  
 10      27       32       31       30  
 10      27       32       30       28  
 10      27       32       28       29  
 10       4       34        6       12  
 10      34       26       28       30  
 10       6       28        9       27  
 10      12       30       27       18  
 10      34       27       12       30  
 10      34       27       30       28  
 10      34       27       28        6  
 10      34       27        6       12  
 10       4       34       12       11  
 10      34       26       30       23  
 10      12       30       18       17  
 10      11       23       17       16  
 10      34       17       11       23  
 10      34       17       23       30  
 10      34       17       30       12  
 10      34       17       12       11  
 10       4       34       11        5  
 10      34       26       23       21  
 10      11       23       16       19  
 10       5       21       19        7  
 10      34       19        5       21  
 10      34       19       21       23  
 10      34       19       23       11  
 10      34       19       11        5  
 10       4       34        5        6  
 10      34       26       21       28  
 10       5       21        7        8  
 10       6       28        8        9  
 10      34        8        6       28  
 10      34        8       28       21  
 10      34        8       21        5  
 10      34        8        5        6  


