2

'Sphere'
0.d0 0.d0 0.d0
1.d0

'Sphere'
0.d0 0.d0 0.d0
3.d0

2

163
  0.000000  0.000000  0.000000
  1.000000  0.000000  0.000000
  0.894427  0.447214  0.000000
  3.000000  0.000000  0.000000
  2.843524  0.956228  0.000000
  0.883524  0.191324  0.427529
  0.885195  0.229381 -0.404740
  0.719938  0.622254 -0.307389
  0.581978  0.811996  0.044324
  0.887125 -0.278255  0.368217
  0.666109  0.593129  0.452213
  0.877306 -0.233619 -0.419234
  0.910743 -0.412867 -0.009339
  0.659830  0.019473 -0.751163
  0.558467  0.483102 -0.674334
  0.362972  0.856672 -0.366557
  0.719244 -0.099928  0.687533
  0.139705  0.989111  0.046273
  0.566249 -0.449350 -0.690975
  0.588422 -0.495733  0.638755
  0.338146  0.855488  0.392169
  0.671690 -0.706183  0.223916
  0.558450  0.264272  0.786317
  0.678174 -0.686346 -0.262697
 -0.092530  0.932970 -0.347858
  0.329953 -0.192689 -0.924122
  0.125263  0.678866 -0.723499
  0.266393  0.238792 -0.933816
  0.381928 -0.170665  0.908298
  0.214957 -0.554324  0.804064
  0.305785 -0.813216 -0.495153
 -0.328000  0.941535  0.076999
  0.254348 -0.846360  0.467955
 -0.082835  0.866609  0.492065
  0.109409 -0.562528 -0.819507
 -0.297377  0.705258 -0.643567
  0.301490 -0.952748 -0.037071
  0.106597  0.186265  0.976700
 -0.550716  0.775588 -0.308504
  0.249364  0.623978  0.740587
 -0.086844 -0.122067 -0.988715
 -0.058480 -0.279190  0.958453
 -0.160612 -0.899109 -0.407193
 -0.713946  0.695407  0.081794
 -0.183457 -0.692528  0.697673
 -0.547609  0.673429  0.496606
 -0.225558  0.362935 -0.904103
 -0.307962  0.085777  0.947524
 -0.884710  0.425054 -0.191357
 -0.190921 -0.954533  0.228946
 -0.345357 -0.479960 -0.806453
 -0.516035 -0.306400  0.799892
 -0.515524  0.005864 -0.856855
 -0.633244  0.439911 -0.636773
 -0.893050  0.340108  0.294599
 -0.241967  0.515871  0.821784
 -0.560839 -0.675127 -0.479233
 -0.587113 -0.808740 -0.035188
 -0.598929 -0.653146  0.463341
 -0.644180  0.225199  0.730970
 -0.865282 -0.166705  0.472754
 -0.695913 -0.330454 -0.637577
 -0.887156  0.037039 -0.459980
 -0.999815 -0.018073  0.006526
 -0.877516 -0.451553  0.161450
 -0.879432 -0.394409 -0.266535
  2.710588  0.572703  1.150967
  2.776977  0.332816 -1.085187
  2.336581  1.546185 -1.072241
  2.205794  2.033329  0.006873
  2.762333 -0.573603  1.020047
  2.216646  1.715752  1.068960
  2.680663 -0.926800 -0.977285
  2.620194 -1.451196  0.169166
  2.144707 -0.400817 -2.059023
  2.126462  0.758436 -1.975584
  1.395724  2.502680 -0.888004
  2.148340 -0.331576  2.067533
  1.280320  2.652890  0.568289
  1.943950 -1.446479 -1.768829
  1.328031  1.643400 -2.129688
  2.122776 -1.561979  1.433194
  1.828112  0.953562  2.179157
  2.013961 -2.106573 -0.711555
  1.123706 -1.000371 -2.595485
  1.396966 -1.209944  2.363159
  1.102589  2.131722  1.800016
  1.231380  0.232889 -2.725705
  0.217938  2.972442 -0.342189
  1.078440 -2.264037  1.646543
  0.968214 -2.252228 -1.729171
  0.079955  2.855116  0.917562
  1.023021 -0.160647  2.815603
  1.755193 -2.380337  0.503281
  0.285176  2.414887 -1.756985
  0.102791  1.153129 -2.767621
  0.724777 -2.827343  0.693421
  0.896571 -2.816385 -0.513942
  0.622133  1.116767  2.713998
 -0.165042  2.115598  2.120615
 -0.053953 -1.660274 -2.498115
  0.101924 -0.349652 -2.977810
  0.176572 -1.394280  2.650435
 -0.912014  2.857913 -0.023752
 -0.233863 -2.643348 -1.399293
 -1.103700  2.519592  1.197290
 -0.147914 -2.636303  1.424088
 -0.676073  2.704342 -1.108809
 -1.017965  1.849714 -2.131269
 -1.313736 -1.872059 -1.941518
 -0.308509 -2.983785  0.043002
 -1.095674 -1.996060  1.953265
 -0.475701  1.127662  2.738994
 -0.965908 -0.832627 -2.715466
 -0.142623  0.051167  2.996171
 -2.016775  2.215439  0.156367
 -1.241360 -2.634509  0.719993
 -1.378346 -2.568615 -0.708787
 -1.118314  0.492304 -2.739893
 -1.349496  1.617359  2.136120
 -1.729150  2.232459 -1.012999
 -1.109289 -0.762194  2.681145
 -1.364618  0.481556  2.627912
 -2.164241 -0.464304 -2.024965
 -2.190699  1.051213 -1.759486
 -1.919093 -1.214172  1.960324
 -2.445985 -1.390380 -1.041153
 -2.175957 -2.065018  0.030142
 -2.064505  1.806486  1.214261
 -2.557914  1.437593 -0.624820
 -2.127242 -1.804842  1.103354
 -2.729264  1.156694  0.461710
 -2.804418 -1.036529  0.246676
 -2.217812 -0.187873  2.011471
 -2.920030  0.114084 -0.678534
 -2.322707  0.870773  1.687243
 -2.577793 -0.858339  1.272100
 -2.853957  0.025947  0.924259
  1.421058  0.745464  0.109344
  2.160137 -0.175868  0.027885
  1.435480 -0.164671 -0.049396
  1.393823  0.152126  0.740378
  1.452142  0.113798 -0.875293
  1.359738 -0.987336 -0.333383
  0.269776  1.578915 -0.654335
  1.294088 -0.731249  0.748112
  0.732119  0.026485 -1.582312
  0.184388  1.436018  0.685122
  0.419931 -1.616018 -0.469259
  0.353760 -0.442131  1.445877
 -0.796046  1.401803 -0.315249
  0.250969 -1.379896  0.865458
 -0.134258 -0.103097 -1.593078
 -1.470342  0.809882 -0.026703
 -0.727437 -0.511965  1.334609
  0.066136  0.571928  1.681291
 -1.101434  0.587957  1.293877
 -1.565258 -0.615191  0.230568
 -1.530776 -0.038158 -0.700479
  0.829692  0.448209  1.322086
 -0.334735  0.856065 -1.446754
 -1.079081 -0.819607 -1.247347
  0.919023  1.488067  0.025207
651
   1         39       44        1       49
   1         53       54        1       63
   1         10        2        1       13
   1         49       55        1       64
   1         34       32        1       18
   1         11        9        1        3
   1         50       33        1       37
   1         27       16        1       25
   1         38       56        1       40
   1         37       22        1       24
   1         50       45        1       33
   1         22       33        1       20
   1         12       19        1       24
   1         16        9        1       18
   1         32       25        1       18
   1         20       33        1       30
   1         42       45        1       52
   1         65       66        1       64
   1         61       65        1       64
   1          6       23        1       11
   1         61       55        1       60
   1         30       42        1       29
   1         50       43        1       58
   1          3        9        1        8
   1         23       17        1       29
   1         49       64        1       63
   1         54       53        1       47
   1         43       50        1       37
   1         33       22        1       37
   1         19       26        1       35
   1         31       37        1       24
   1         32       39        1       25
   1         60       48        1       52
   1         54       49        1       63
   1         66       65        1       58
   1         64       66        1       63
   1         35       41        1       51
   1         28       26        1       14
   1         17       20        1       29
   1         27       28        1       15
   1          3        8        1        7
   1         32       34        1       46
   1         44       32        1       46
   1          6       11        1        3
   1         26       28        1       41
   1         21       11        1       40
   1         45       59        1       52
   1         59       50        1       58
   1         60       56        1       48
   1         11       21        1        9
   1         45       42        1       30
   1         16       27        1       15
   1         17        6        1       10
   1         26       41        1       35
   1         56       38        1       48
   1         45       50        1       59
   1          2       12        1       13
   1         55       44        1       46
   1         55       61        1       64
   1         14       12        1        7
   1         44       55        1       49
   1          6        3        1        2
   1         33       45        1       30
   1         28       47        1       41
   1         66       57        1       62
   1         15       14        1        7
   1          9       21        1       18
   1         42       38        1       29
   1         22       13        1       24
   1         17       10        1       20
   1         58       43        1       57
   1         23       38        1       40
   1         19       31        1       24
   1         25       16        1       18
   1         66       58        1       57
   1         15       28        1       14
   1         10        6        1        2
   1         14       26        1       19
   1         25       39        1       36
   1         23        6        1       17
   1          8       15        1        7
   1         13       12        1       24
   1         21       34        1       18
   1         47       53        1       41
   1         34       21        1       40
   1         53       63        1       62
   1         60       55        1       46
   1         57       51        1       62
   1         27       36        1       47
   1         28       27        1       47
   1         57       43        1       51
   1         11       23        1       40
   1         51       53        1       62
   1         56       34        1       40
   1         16       15        1        8
   1         56       60        1       46
   1         61       60        1       52
   1         20       30        1       29
   1         39       54        1       36
   1         31       19        1       35
   1         43       35        1       51
   1         43       31        1       35
   1         38       23        1       29
   1         27       25        1       36
   1         44       39        1       32
   1         12        2        1        7
   1          9       16        1        8
   1         39       49        1       54
   1         41       53        1       51
   1         48       42        1       52
   1         10       22        1       20
   1         63       66        1       62
   1         59       61        1       52
   1         43       37        1       31
   1         65       59        1       58
   1          2        3        1        7
   1         65       61        1       59
   1         34       56        1       46
   1         48       38        1       42
   1         12       14        1       19
   1         36       54        1       47
   1         22       10        1       13
   2        149      110      118      105
   2        152       90       94       97
   2        121      154      125      130
   2        158      133      138      137
   2        152      144      149       94
   2         59      155      152      112
   2         48      155       60      157
   2        107      111       97      152
   2         64      158       66      159
   2         12      143       14       19
   2        151      154      121      116
   2         92       89      104      145
   2         37      152       50       33
   2        154       49       44       39
   2        140       74       71        4
   2        138      157      154      158
   2        157       61      158      155
   2         43       37      149       50
   2        139      160       72      142
   2         78       86      150       93
   2        124      135      125      159
   2        148        9       21       11
   2        157      129      136      154
   2        130      154      116      121
   2         71      142      146      140
   2         91      144       84      149
   2        151      125      121      154
   2        125      135      154      159
   2        101      162       43      110
   2         74       71       82      146
   2          9        8      163       16
   2        144       74       94      146
   2         47       36      161       27
   2        156       87       99      100
   2         46       34      148       32
   2         99      160      156       93
   2        143      140      144      141
   2        146      160      142       78
   2         56       40       38      156
   2        122      157      134      155
   2         15      145       27       81
   2         89       95      145       77
   2        131      155      126      158
   2        140       67        5        4
   2        148      163       79      145
   2         48       56       38      156
   2        143       81       76       69
   2        143       81       69       15
   2        160      142       11       23
   2         68      139      140      143
   2        160       72      142       83
   2        162      119      153       53
   2        143       68       69       76
   2        154       64       49      159
   2        163       77       70       79
   2        140       73       74        4
   2        149      110      105      101
   2        154       54      125      159
   2        142      160       17       23
   2        139        7        3        2
   2        148      100       92       87
   2        100      156      113       99
   2         51       35       41      153
   2        148      156       56      100
   2         62       51      162       57
   2        152      144       94      146
   2         32      145       18      148
   2        156      155       48      157
   2         35       51      101      153
   2         73       68        4      140
   2        150       48       38      156
   2        147      102      153      101
   2         79       89      145       77
   2        163       18       16      145
   2        147       19       26       14
   2          7      141      139      143
   2        143       81       15      147
   2         94      144      149       84
   2         69      163       70      139
   2        160       11       40       23
   2          7      141      143       12
   2        141       13      146      144
   2        103      155      150      115
   2        151       25       39       32
   2         56      157       48       60
   2         57      118       58       43
   2         71      142      140       67
   2        151       36       54       39
   2        117      111       50       58
   2        129      154      116      132
   2         95       89      145      108
   2        154       54       49       39
   2         45       52      155       59
   2        115      157      156      113
   2        158      134      137      138
   2        157      106      100      120
   2         63       53       54      159
   2        157      129      154       46
   2        157      148       56      100
   2        125       53      119      159
   2         54       63      159       49
   2        157      148      100      106
   2        129      151      116      154
   2        133      128      131      158
   2         69      163      139        8
   2        148      156      100       87
   2        157      106      120      129
   2        163       18      145      148
   2        139        8        9        3
   2         10       20       17      146
   2        158      117      131       59
   2        151      106      104      148
   2         26       41      153       28
   2        111      118      149       58
   2         23      142       11        6
   2        158      117       59       58
   2        147      101      153       35
   2        151      125      154       54
   2        148      160      156       87
   2        101       35      149       43
   2         68      139      143       69
   2        163       18      148        9
   2        158      117       58      128
   2         73      140       74      144
   2         86      146      150      152
   2        158      117      128      131
   2        139        6       11      142
   2        157      106      129       46
   2        106       46      151      129
   2         14      147       15       28
   2        152      155       59       45
   2        106       92      104      148
   2         10       20      146       22
   2        141       10      142      146
   2        139       67      140      142
   2        139        6      142        2
   2        163       18        9       16
   2         30       29      150       42
   2         41       47      153       28
   2        157       56       48      156
   2         56      148       46       34
   2         31       24      149       37
   2        111      117       50      152
   2         19      143       80      144
   2        131      155      158       59
   2         68      139       69        5
   2         24       13      144       22
   2         73       84       80      144
   2         71      142       67       78
   2        161      125      109      151
   2        100       56      157      156
   2        162      101       51      153
   2        131      155       59      112
   2        155       61      158       59
   2         34       18      148       32
   2        151      154       44       39
   2        134      158      126      155
   2        138      157      158      134
   2         46      154       55       44
   2        142       10       17      146
   2        162       51       43       57
   2         52       42      155       48
   2         69      163       77       70
   2        112      107      103      152
   2         15      145       81       77
   2        156      155      157      115
   2        156      155      115      150
   2        127      158      128      133
   2        134      157      158      155
   2        148       79       92      145
   2        106      100       92      148
   2         37      152       22      149
   2        151      106      116      104
   2        161      125      151       54
   2        101      102      153      114
   2        148      156       40       56
   2        145       81       77       95
   2         84       91      149       98
   2         30      152      150       20
   2        162      158      127      159
   2         68      140        5        4
   2        152      111       97      149
   2        145       18       16       25
   2         68      139        5      140
   2        158      133      137      131
   2          8      143      139       69
   2        147       14       26       28
   2        154       64      159      158
   2        133      135      127      159
   2        115      157      113      123
   2         40       34       21      148
   2        161       53      153      119
   2        162      101      114      110
   2        151      125      109      121
   2         96      147      102      153
   2        143       81      147       76
   2        111       58      149       50
   2        148       92      104      145
   2          7      141       12        2
   2        143       73       80      144
   2        147       26      153       28
   2        145      161       95      108
   2        146      160       78      150
   2        103       93      115      150
   2        160       38       40      156
   2         67      140       71        4
   2         66      158       64       65
   2        148      160       11       40
   2         91      144      149       19
   2         91      144       19       80
   2          7       12      143       14
   2        145        8       77       15
   2         90      107       97      152
   2        147       15       27       81
   2         79       89       92      145
   2        125       53      159       54
   2        161       81      145       95
   2        149      110      101       43
   2         28      161      153      147
   2        134      158      137      126
   2        145       81      161       27
   2        139        6        2        3
   2        135      130      154      132
   2        139       11        3        9
   2         53      162       51      153
   2        127      158      133      159
   2         58       43      149       50
   2        157      100      113      120
   2         93      156       99      115
   2        103      155      152      150
   2        127      162      159      124
   2         10      142       17        6
   2        136      154      132      138
   2        112      117       59      131
   2        154      151       54       39
   2         60      155       48       52
   2         46      151       44       32
   2        154      130      116      132
   2        122      157      155      115
   2        139      140      141      142
   2        158       64       65       61
   2        149      110       43      118
   2          7      139        3        8
   2        144      140      146      141
   2         52       45      155       42
   2         62       63       66      159
   2        157      129      120      136
   2         97       98       94      149
   2        145       27       25       16
   2         74       82       94      146
   2        117      152       59       50
   2        162       66      159       62
   2        138      157      134      136
   2        162      158      159       66
   2         41       47       53      153
   2         35       41      153       26
   2         84       73       74      144
   2        161       81       95       96
   2         43      162      101       51
   2         74      140       71      146
   2         78       67       83      142
   2         20      150       29       17
   2        143       73      144      140
   2        147       35      153       26
   2        134      123      136      157
   2        155       61       59       52
   2        152       37       22       33
   2         42       48      150      155
   2        158       57      162      128
   2         69       77       15       81
   2        157      148      106       46
   2        151       46      154      129
   2        152      144      146       22
   2         37       31       43      149
   2         59      158       65       61
   2        163       70       72       79
   2        161      145      151      108
   2        155       61       52       60
   2        157      148       46       56
   2        146       90      152       86
   2        158       57      128       58
   2        139       67      142       72
   2        117      111       58      118
   2        148       72      160       87
   2        139        5       72       70
   2        148      163        9      139
   2         86      146       82       78
   2         84       74       94      144
   2        162       53       62      159
   2         91      144       80       84
   2        151       46       44      154
   2        147      143       80       19
   2        146       90       86       82
   2         84       98      149       94
   2        160       29      150       17
   2        108      151      104      145
   2        147      101       35       91
   2         79      148       92       87
   2        162       66       62       57
   2        161       81      147       27
   2         32      145      148      151
   2        139       67       72        5
   2        111      118      105      149
   2        160       78       93       83
   2        106      151      116      129
   2        128      162      127      118
   2        151      161      108      109
   2         45       30       33      152
   2        146       90       82       94
   2        117      111      107      152
   2        152       45       59       50
   2        117      112      152      107
   2        160       29       17       23
   2        160       93       78      150
   2        157       61      155       60
   2         99      160       93       83
   2        160      156       93      150
   2        151      108      121      109
   2         63       64       66      159
   2        147       15       28       27
   2        154      135      132      138
   2        147      102      101       85
   2         89      108      104      145
   2          8      143       69       15
   2         32      145      151       25
   2         68       73      143      140
   2         13       12       24      144
   2        151      148      104      145
   2        158      133      159      138
   2        128      117       58      118
   2         57      128       58      118
   2        159      119      125      124
   2        140       74      144      146
   2        101       91      105      149
   2         62       63      159       53
   2        152      155      103      112
   2         28      161      147       27
   2        143      147       15       14
   2        158      131      137      126
   2        152      111      149       50
   2        143      147       14       19
   2        158       57       58       66
   2         25      151       39       36
   2         29      150       42       38
   2        145       36      161      151
   2        152       86       90      103
   2        148      160       40      156
   2        161      147       81       96
   2        160       29       23       38
   2        154      135      125      130
   2         10        2      142        6
   2         45       30      152      150
   2        162       43      118       57
   2         45      152      155      150
   2        160       38      156      150
   2        143       68       76       75
   2        103      122      155      115
   2         28      161       27       47
   2         98      111      105      149
   2        146      160      150       17
   2        157      154      158       55
   2        119      159      162      124
   2        112      122      126      155
   2         35       51       43      101
   2        133      135      159      138
   2        112      117      152       59
   2        154       64      158       55
   2         18       34      148       21
   2        154      158      159      138
   2        125       53       54      161
   2         35       31      149       43
   2        160       29       38      150
   2        135      154      159      138
   2         81      147       76       88
   2        147       85       80       75
   2        147      143       76       75
   2        141       10      146       13
   2        141       13      144       12
   2          8      143       15        7
   2         10       13       22      146
   2         85      147       80       91
   2        147       19       80       91
   2        147      101       91       85
   2         35      147       91       19
   2        125       53      161      119
   2        161       53       54       47
   2         13      144       22      146
   2         20      152      146       22
   2        145        8       15       16
   2        154      129      136      132
   2         86      146       78      150
   2        123      157      113      120
   2        122      157      115      123
   2        100      156      157      113
   2        139       67        5      140
   2         15      145       16       27
   2        119      161      109       96
   2         63       64      159       49
   2         32      145       25       18
   2         40      148       21       11
   2        161       54      151       36
   2         35      147       19       26
   2        128      162      118       57
   2        122      112      103      155
   2        162      114      101      153
   2         54      154       49      159
   2         18        9       21      148
   2        141       13       12        2
   2         51      162       53       62
   2        143      139      140      141
   2        143       12      144       19
   2         12       24      144       19
   2         35      101      149       91
   2        161       53       47      153
   2        102       96      153      119
   2        150       48       42       38
   2        102      147       96       88
   2         30      152       20       33
   2         29       30      150       20
   2        122      157      123      134
   2         91       98      105      149
   2        150      152      146       20
   2        158       66       58       65
   2        156      155      150       48
   2        162      159      119       53
   2         42       45      155      150
   2         30       45       42      150
   2        144      149       19       24
   2        103       86       93      150
   2         93      156      115      150
   2        146       90       94      152
   2         99      160       83       87
   2        156      113       99      115
   2        160       72       83       87
   2         97      111       98      149
   2        152       97       94      149
   2         58      118      149       43
   2        119      102      114      153
   2        161      153      147       96
   2        144      149       24       22
   2         24       37       22      149
   2          8      143        7      139
   2        152      144       22      149
   2         24       19       31      149
   2          7      143       15       14
   2        162      158      128      127
   2        148      139        9       11
   2         79      148       87       72
   2         85      147       88       75
   2        139      160      142       11
   2        151      104      116      121
   2         51       41       53      153
   2         75      147       88       76
   2         64      158       55       61
   2        162      114      124      110
   2        157       61       60       55
   2         99      160       87      156
   2        157      123      136      120
   2        163       72       70      139
   2         71       78       82      146
   2         58       59      158       65
   2         37      152      149       50
   2        131      155      112      126
   2         73      143       80       75
   2        143      147       80       75
   2         73       68      143       75
   2        147      102       85       88
   2         71      142       78      146
   2         20      152       22       33
   2        163       72      148       79
   2        142       23       17        6
   2        107       90      103      152
   2        152       86      103      150
   2        141       10       13        2
   2        161      108      109       95
   2        162      118       43      110
   2        152       45       50       33
   2        106       46      148      151
   2        135      124      127      159
   2        141      140      146      142
   2        161      125      119      109
   2         32      151       44       39
   2        162      119      124      114
   2        162      119      114      153
   2        163      148       72      139
   2        139      160       11      148
   2        145       36      151       25
   2         28      161       47      153
   2        108      151      121      104
   2        154       64       55       49
   2        146      150       20       17
   2         56      148       34       40
   2        157      154       55       46
   2         15       77       69        8
   2          2      139      141      142
   2         12      143      144      141
   2        141       10        2      142
   2          7      141        2      139
   2         96      147       81       88
   2         35       19       91      149
   2        145       36       25       27
   2        160       38       23       40
   2        142       67       83       72
   2        145       36       27      161
   2        139      160      148       72
   2        163      139        8        9
   2        138      157      136      154
   2        127      162      124      110
   2        142      160       83       78
   2        122      134      126      155
   2        154       49       55       44
   2        146      160       17      142
   2         56       46      157       60
   2        157       55       60       46
   2        139        5       70       69
   2        151       46      148       32
   2        158       57       66      162
   2         58      117       59       50
   2         19       35       31      149
   2        139        6        3       11
   2        157       61       55      158
   2         54      161       47       36
   2         96       95      161      109
   2        119      161       96      153
   2        162      127      118      110
   2        145        8       16      163
   2        145        8      163       77
   2        163       77       79      145
   2         69      163        8       77
266
   1            2        3        6
   1            3        2        7
   1            3        7        8
   1            3        8        9
   1            2        6       10
   1            6        3       11
   1            3        9       11
   1            7        2       12
   1           12        2       13
   1            2       10       13
   1            7       12       14
   1            8        7       15
   1            7       14       15
   1            9        8       16
   1           10        6       17
   1            8       15       16
   1            9       16       18
   1           14       12       19
   1           10       17       20
   1           11        9       21
   1            9       18       21
   1           13       10       22
   1           10       20       22
   1           17        6       23
   1            6       11       23
   1           19       12       24
   1           12       13       24
   1           18       16       25
   1           14       19       26
   1           16       15       27
   1           15       14       28
   1           14       26       28
   1           20       17       29
   1           20       29       30
   1           16       27       25
   1           19       24       31
   1           17       23       29
   1           18       25       32
   1           13       22       24
   1           21       40       11
   1           15       28       27
   1           22       20       33
   1           20       30       33
   1           21       18       34
   1           18       32       34
   1           26       19       35
   1           19       31       35
   1           25       27       36
   1           31       24       37
   1           29       23       38
   1           32       25       39
   1           25       36       39
   1           24       22       37
   1           23       11       40
   1           38       23       40
   1           21       34       40
   1           28       26       41
   1           26       35       41
   1           30       29       42
   1           31       37       43
   1           29       38       42
   1           32       39       44
   1           33       30       45
   1           34       32       46
   1           32       44       46
   1           27       28       47
   1           30       42       45
   1           37       22       33
   1           28       41       47
   1           35       31       43
   1           36       27       47
   1           42       38       48
   1           44       39       49
   1           37       33       50
   1           41       35       51
   1           35       43       51
   1           45       42       52
   1           43       37       50
   1           47       41       53
   1           41       51       53
   1           36       47       54
   1           39       36       54
   1           47       53       54
   1           44       49       55
   1           44       55       46
   1           33       45       50
   1           39       54       49
   1           40       34       56
   1           38       40       56
   1           34       46       56
   1           51       43       57
   1           57       43       58
   1           43       50       58
   1           52       42       48
   1           45       52       59
   1           38       56       48
   1           46       55       60
   1           56       46       60
   1           59       52       61
   1           53       51       62
   1           51       57       62
   1           48       56       60
   1           54       53       63
   1           49       54       63
   1           53       62       63
   1           45       59       50
   1           55       49       64
   1           49       63       64
   1           50       59       58
   1           58       59       65
   1           59       61       65
   1           61       52       60
   1           57       58       66
   1           62       57       66
   1           58       65       66
   1           48       60       52
   1           60       55       61
   1           55       64       61
   1           62       66       63
   1           64       63       66
   1           61       64       65
   1           64       66       65
   2            4        5       67
   2            5        4       68
   2            5       68       69
   2            5       69       70
   2            4       67       71
   2           67        5       72
   2            5       70       72
   2           68        4       73
   2           73        4       74
   2            4       71       74
   2           68       73       75
   2           69       68       76
   2           68       75       76
   2           70       69       77
   2           71       67       78
   2           70       77       79
   2           75       73       80
   2           77       69       81
   2           69       76       81
   2           71       78       82
   2           70       79       72
   2           74       71       82
   2           78       67       83
   2           67       72       83
   2           80       73       84
   2           73       74       84
   2           75       80       85
   2           82       78       86
   2           72       79       87
   2           76       75       88
   2           75       85       88
   2           79       77       89
   2           82       86       90
   2           80       84       91
   2           79       89       92
   2           72       87       83
   2           86       78       93
   2           78       83       93
   2           74       82       94
   2           89       77       95
   2           77       81       95
   2           84       74       94
   2           82       90       94
   2           85       80       91
   2           76       88       81
   2           96       81       88
   2           87       79       92
   2           94       90       97
   2           84       94       98
   2           91       84       98
   2           94       97       98
   2           83       87       99
   2           87       92      100
   2           85       91      101
   2           88       85      102
   2           90       86      103
   2           92       89      104
   2           91       98      105
   2           81       96       95
   2           83       99       93
   2          100       92      106
   2           92      104      106
   2           87      100       99
   2           85      101      102
   2           88      102       96
   2           86       93      103
   2          101       91      105
   2           97       90      107
   2           90      103      107
   2          104       89      108
   2           89       95      108
   2           95       96      109
   2          101      105      110
   2           98       97      111
   2          105       98      111
   2           97      107      111
   2          107      103      112
   2           99      100      113
   2          102      101      114
   2           93       99      115
   2           99      113      115
   2          101      110      114
   2          106      104      116
   2          111      107      117
   2          107      112      117
   2           95      109      108
   2          110      105      118
   2          105      111      118
   2           96      102      119
   2          103       93      115
   2          113      100      120
   2          100      106      120
   2          102      114      119
   2          109       96      119
   2          116      104      121
   2          104      108      121
   2          103      115      122
   2          103      122      112
   2          122      115      123
   2          115      113      123
   2          119      114      124
   2          118      111      117
   2          109      119      125
   2          119      124      125
   2          112      122      126
   2          114      110      124
   2          110      118      127
   2          108      109      121
   2          110      127      124
   2          109      125      121
   2          118      117      128
   2          106      116      129
   2          116      121      130
   2          123      134      122
   2          123      113      120
   2          120      106      129
   2          127      118      128
   2          117      112      131
   2          128      117      131
   2          112      126      131
   2          129      116      132
   2          116      130      132
   2          127      128      133
   2          126      122      134
   2          121      125      130
   2          124      127      135
   2          125      124      135
   2          127      133      135
   2          123      120      136
   2          134      123      136
   2          120      129      136
   2          130      125      135
   2          133      128      131
   2          129      132      136
   2          131      126      137
   2          126      134      137
   2          132      130      135
   2          134      136      138
   2          137      134      138
   2          136      132      138
   2          133      131      137
   2          133      138      135
   2          133      137      138
   2          132      135      138
