108  # PAR
1 1 1 1 0 1
2 1 1 1 0 2
3 1 1 1 0 10
4 1 1 1 0 12
5 1 1 1 0 17
6 1 1 1 0 18
7 1 1 1 0 24
8 1 1 1 0 26
9 1 1 1 0 9
10 1 1 1 0 10
11 1 1 1 0 21
12 1 1 1 0 12
13 1 1 1 0 23
14 1 1 1 0 24
15 1 1 1 0 27
16 1 1 1 0 26
17 1 1 1 0 17
18 1 1 1 0 18
19 1 1 1 0 24
20 1 1 1 0 26
21 1 1 1 0 21
22 1 1 1 0 27
23 1 1 1 0 23
24 1 1 1 0 24
25 1 1 1 0 27
26 1 1 1 0 26
27 1 1 1 0 27
1 2 1 1 0 12
2 2 1 1 0 10
3 2 1 1 0 3
4 2 1 1 0 4
5 2 1 1 0 26
6 2 1 1 0 24
7 2 1 1 0 19
8 2 1 1 0 20
9 2 1 1 0 21
10 2 1 1 0 10
11 2 1 1 0 11
12 2 1 1 0 12
13 2 1 1 0 27
14 2 1 1 0 24
15 2 1 1 0 25
16 2 1 1 0 26
17 2 1 1 0 26
18 2 1 1 0 24
19 2 1 1 0 19
20 2 1 1 0 20
21 2 1 1 0 21
22 2 1 1 0 27
23 2 1 1 0 27
24 2 1 1 0 24
25 2 1 1 0 25
26 2 1 1 0 26
27 2 1 1 0 27
1 3 1 1 0 26
2 3 1 1 0 24
3 3 1 1 0 19
4 3 1 1 0 20
5 3 1 1 0 16
6 3 1 1 0 14
7 3 1 1 0 7
8 3 1 1 0 8
9 3 1 1 0 27
10 3 1 1 0 24
11 3 1 1 0 25
12 3 1 1 0 26
13 3 1 1 0 22
14 3 1 1 0 14
15 3 1 1 0 15
16 3 1 1 0 16
17 3 1 1 0 26
18 3 1 1 0 24
19 3 1 1 0 19
20 3 1 1 0 20
21 3 1 1 0 27
22 3 1 1 0 22
23 3 1 1 0 27
24 3 1 1 0 24
25 3 1 1 0 25
26 3 1 1 0 26
27 3 1 1 0 27
1 4 1 1 0 17
2 4 1 1 0 18
3 4 1 1 0 24
4 4 1 1 0 26
5 4 1 1 0 5
6 4 1 1 0 6
7 4 1 1 0 14
8 4 1 1 0 16
9 4 1 1 0 23
10 4 1 1 0 24
11 4 1 1 0 27
12 4 1 1 0 26
13 4 1 1 0 13
14 4 1 1 0 14
15 4 1 1 0 22
16 4 1 1 0 16
17 4 1 1 0 17
18 4 1 1 0 18
19 4 1 1 0 24
20 4 1 1 0 26
21 4 1 1 0 27
22 4 1 1 0 22
23 4 1 1 0 23
24 4 1 1 0 24
25 4 1 1 0 27
26 4 1 1 0 26
27 4 1 1 0 27
96  # SON
3 1 1 1 0 3
4 1 1 1 0 3
5 1 1 1 0 3
6 1 1 1 0 3
7 1 1 1 0 9
8 1 1 1 0 9
10 1 1 1 0 1
11 1 1 1 0 3
12 1 1 1 0 1
13 1 1 1 0 3
14 1 1 1 0 8
15 1 1 1 0 9
16 1 1 1 0 8
17 1 1 1 0 1
18 1 1 1 0 1
19 1 1 1 0 5
20 1 1 1 0 5
21 1 1 1 0 1
22 1 1 1 0 8
23 1 1 1 0 1
24 1 1 1 0 1
25 1 1 1 0 5
26 1 1 1 0 1
27 1 1 1 0 1
1 2 1 1 0 3
2 2 1 1 0 3
5 2 1 1 0 9
6 2 1 1 0 9
7 2 1 1 0 3
8 2 1 1 0 3
9 2 1 1 0 3
10 2 1 1 0 2
12 2 1 1 0 2
13 2 1 1 0 9
14 2 1 1 0 6
15 2 1 1 0 3
16 2 1 1 0 6
17 2 1 1 0 5
18 2 1 1 0 5
19 2 1 1 0 1
20 2 1 1 0 1
21 2 1 1 0 2
22 2 1 1 0 6
23 2 1 1 0 5
24 2 1 1 0 2
25 2 1 1 0 1
26 2 1 1 0 2
27 2 1 1 0 2
1 3 1 1 0 9
2 3 1 1 0 9
3 3 1 1 0 3
4 3 1 1 0 3
5 3 1 1 0 3
6 3 1 1 0 3
9 3 1 1 0 9
10 3 1 1 0 6
11 3 1 1 0 3
12 3 1 1 0 6
13 3 1 1 0 3
14 3 1 1 0 2
16 3 1 1 0 2
17 3 1 1 0 7
18 3 1 1 0 7
19 3 1 1 0 2
20 3 1 1 0 2
21 3 1 1 0 6
22 3 1 1 0 2
23 3 1 1 0 7
24 3 1 1 0 3
25 3 1 1 0 2
26 3 1 1 0 3
27 3 1 1 0 3
1 4 1 1 0 3
2 4 1 1 0 3
3 4 1 1 0 9
4 4 1 1 0 9
7 4 1 1 0 3
8 4 1 1 0 3
9 4 1 1 0 3
10 4 1 1 0 8
11 4 1 1 0 9
12 4 1 1 0 8
14 4 1 1 0 1
15 4 1 1 0 3
16 4 1 1 0 1
17 4 1 1 0 2
18 4 1 1 0 2
19 4 1 1 0 7
20 4 1 1 0 7
21 4 1 1 0 8
22 4 1 1 0 1
23 4 1 1 0 2
24 4 1 1 0 4
25 4 1 1 0 7
26 4 1 1 0 4
27 4 1 1 0 4
0  # ORT
