216  # PAR
1 1 1 1 1 1
2 1 1 1 1 9
3 1 1 1 1 21
4 1 1 1 1 12
5 1 1 1 1 17
6 1 1 1 1 23
7 1 1 1 1 27
8 1 1 1 1 26
9 1 1 1 1 9
10 1 1 1 1 21
11 1 1 1 1 21
12 1 1 1 1 12
13 1 1 1 1 23
14 1 1 1 1 27
15 1 1 1 1 27
16 1 1 1 1 26
17 1 1 1 1 17
18 1 1 1 1 23
19 1 1 1 1 27
20 1 1 1 1 26
21 1 1 1 1 21
22 1 1 1 1 27
23 1 1 1 1 23
24 1 1 1 1 27
25 1 1 1 1 27
26 1 1 1 1 26
27 1 1 1 1 27
1 2 1 1 1 9
2 2 1 1 1 2
3 2 1 1 1 10
4 2 1 1 1 21
5 2 1 1 1 23
6 2 1 1 1 18
7 2 1 1 1 24
8 2 1 1 1 27
9 2 1 1 1 9
10 2 1 1 1 10
11 2 1 1 1 21
12 2 1 1 1 21
13 2 1 1 1 23
14 2 1 1 1 24
15 2 1 1 1 27
16 2 1 1 1 27
17 2 1 1 1 23
18 2 1 1 1 18
19 2 1 1 1 24
20 2 1 1 1 27
21 2 1 1 1 21
22 2 1 1 1 27
23 2 1 1 1 23
24 2 1 1 1 24
25 2 1 1 1 27
26 2 1 1 1 27
27 2 1 1 1 27
1 3 1 1 1 21
2 3 1 1 1 10
3 3 1 1 1 3
4 3 1 1 1 11
5 3 1 1 1 27
6 3 1 1 1 24
7 3 1 1 1 19
8 3 1 1 1 25
9 3 1 1 1 21
10 3 1 1 1 10
11 3 1 1 1 11
12 3 1 1 1 21
13 3 1 1 1 27
14 3 1 1 1 24
15 3 1 1 1 25
16 3 1 1 1 27
17 3 1 1 1 27
18 3 1 1 1 24
19 3 1 1 1 19
20 3 1 1 1 25
21 3 1 1 1 21
22 3 1 1 1 27
23 3 1 1 1 27
24 3 1 1 1 24
25 3 1 1 1 25
26 3 1 1 1 27
27 3 1 1 1 27
1 4 1 1 1 12
2 4 1 1 1 21
3 4 1 1 1 11
4 4 1 1 1 4
5 4 1 1 1 26
6 4 1 1 1 27
7 4 1 1 1 25
8 4 1 1 1 20
9 4 1 1 1 21
10 4 1 1 1 21
11 4 1 1 1 11
12 4 1 1 1 12
13 4 1 1 1 27
14 4 1 1 1 27
15 4 1 1 1 25
16 4 1 1 1 26
17 4 1 1 1 26
18 4 1 1 1 27
19 4 1 1 1 25
20 4 1 1 1 20
21 4 1 1 1 21
22 4 1 1 1 27
23 4 1 1 1 27
24 4 1 1 1 27
25 4 1 1 1 25
26 4 1 1 1 26
27 4 1 1 1 27
1 5 1 1 1 17
2 5 1 1 1 23
3 5 1 1 1 27
4 5 1 1 1 26
5 5 1 1 1 5
6 5 1 1 1 13
7 5 1 1 1 22
8 5 1 1 1 16
9 5 1 1 1 23
10 5 1 1 1 27
11 5 1 1 1 27
12 5 1 1 1 26
13 5 1 1 1 13
14 5 1 1 1 22
15 5 1 1 1 22
16 5 1 1 1 16
17 5 1 1 1 17
18 5 1 1 1 23
19 5 1 1 1 27
20 5 1 1 1 26
21 5 1 1 1 27
22 5 1 1 1 22
23 5 1 1 1 23
24 5 1 1 1 27
25 5 1 1 1 27
26 5 1 1 1 26
27 5 1 1 1 27
1 6 1 1 1 23
2 6 1 1 1 18
3 6 1 1 1 24
4 6 1 1 1 27
5 6 1 1 1 13
6 6 1 1 1 6
7 6 1 1 1 14
8 6 1 1 1 22
9 6 1 1 1 23
10 6 1 1 1 24
11 6 1 1 1 27
12 6 1 1 1 27
13 6 1 1 1 13
14 6 1 1 1 14
15 6 1 1 1 22
16 6 1 1 1 22
17 6 1 1 1 23
18 6 1 1 1 18
19 6 1 1 1 24
20 6 1 1 1 27
21 6 1 1 1 27
22 6 1 1 1 22
23 6 1 1 1 23
24 6 1 1 1 24
25 6 1 1 1 27
26 6 1 1 1 27
27 6 1 1 1 27
1 7 1 1 1 27
2 7 1 1 1 24
3 7 1 1 1 19
4 7 1 1 1 25
5 7 1 1 1 22
6 7 1 1 1 14
7 7 1 1 1 7
8 7 1 1 1 15
9 7 1 1 1 27
10 7 1 1 1 24
11 7 1 1 1 25
12 7 1 1 1 27
13 7 1 1 1 22
14 7 1 1 1 14
15 7 1 1 1 15
16 7 1 1 1 22
17 7 1 1 1 27
18 7 1 1 1 24
19 7 1 1 1 19
20 7 1 1 1 25
21 7 1 1 1 27
22 7 1 1 1 22
23 7 1 1 1 27
24 7 1 1 1 24
25 7 1 1 1 25
26 7 1 1 1 27
27 7 1 1 1 27
1 8 1 1 1 26
2 8 1 1 1 27
3 8 1 1 1 25
4 8 1 1 1 20
5 8 1 1 1 16
6 8 1 1 1 22
7 8 1 1 1 15
8 8 1 1 1 8
9 8 1 1 1 27
10 8 1 1 1 27
11 8 1 1 1 25
12 8 1 1 1 26
13 8 1 1 1 22
14 8 1 1 1 22
15 8 1 1 1 15
16 8 1 1 1 16
17 8 1 1 1 26
18 8 1 1 1 27
19 8 1 1 1 25
20 8 1 1 1 20
21 8 1 1 1 27
22 8 1 1 1 22
23 8 1 1 1 27
24 8 1 1 1 27
25 8 1 1 1 25
26 8 1 1 1 26
27 8 1 1 1 27
208  # SON
2 1 1 1 1 3
3 1 1 1 1 9
4 1 1 1 1 3
5 1 1 1 1 3
6 1 1 1 1 9
7 1 1 1 1 27
8 1 1 1 1 9
9 1 1 1 1 1
10 1 1 1 1 5
11 1 1 1 1 8
12 1 1 1 1 1
13 1 1 1 1 8
14 1 1 1 1 22
15 1 1 1 1 25
16 1 1 1 1 8
17 1 1 1 1 1
18 1 1 1 1 5
19 1 1 1 1 21
20 1 1 1 1 5
21 1 1 1 1 1
22 1 1 1 1 13
23 1 1 1 1 1
24 1 1 1 1 9
25 1 1 1 1 12
26 1 1 1 1 1
27 1 1 1 1 1
1 2 1 1 1 3
3 2 1 1 1 3
4 2 1 1 1 9
5 2 1 1 1 9
6 2 1 1 1 3
7 2 1 1 1 9
8 2 1 1 1 27
9 2 1 1 1 2
10 2 1 1 1 1
11 2 1 1 1 6
12 2 1 1 1 5
13 2 1 1 1 6
14 2 1 1 1 8
15 2 1 1 1 23
16 2 1 1 1 22
17 2 1 1 1 5
18 2 1 1 1 1
19 2 1 1 1 5
20 2 1 1 1 21
21 2 1 1 1 2
22 2 1 1 1 14
23 2 1 1 1 2
24 2 1 1 1 1
25 2 1 1 1 10
26 2 1 1 1 9
27 2 1 1 1 2
1 3 1 1 1 9
2 3 1 1 1 3
4 3 1 1 1 3
5 3 1 1 1 27
6 3 1 1 1 9
7 3 1 1 1 3
8 3 1 1 1 9
9 3 1 1 1 6
10 3 1 1 1 2
11 3 1 1 1 2
12 3 1 1 1 7
13 3 1 1 1 23
14 3 1 1 1 6
15 3 1 1 1 6
16 3 1 1 1 24
17 3 1 1 1 21
18 3 1 1 1 5
19 3 1 1 1 1
20 3 1 1 1 5
21 3 1 1 1 3
22 3 1 1 1 15
23 3 1 1 1 10
24 3 1 1 1 2
25 3 1 1 1 2
26 3 1 1 1 11
27 3 1 1 1 3
1 4 1 1 1 3
2 4 1 1 1 9
3 4 1 1 1 3
5 4 1 1 1 9
6 4 1 1 1 27
7 4 1 1 1 9
8 4 1 1 1 3
9 4 1 1 1 8
10 4 1 1 1 7
11 4 1 1 1 1
12 4 1 1 1 2
13 4 1 1 1 25
14 4 1 1 1 24
15 4 1 1 1 8
16 4 1 1 1 6
17 4 1 1 1 5
18 4 1 1 1 21
19 4 1 1 1 5
20 4 1 1 1 1
21 4 1 1 1 4
22 4 1 1 1 16
23 4 1 1 1 12
24 4 1 1 1 11
25 4 1 1 1 1
26 4 1 1 1 2
27 4 1 1 1 4
1 5 1 1 1 3
2 5 1 1 1 9
3 5 1 1 1 27
4 5 1 1 1 9
6 5 1 1 1 3
7 5 1 1 1 9
8 5 1 1 1 3
9 5 1 1 1 8
10 5 1 1 1 22
11 5 1 1 1 25
12 5 1 1 1 8
13 5 1 1 1 1
14 5 1 1 1 5
15 5 1 1 1 8
16 5 1 1 1 1
17 5 1 1 1 2
18 5 1 1 1 7
19 5 1 1 1 26
20 5 1 1 1 7
21 5 1 1 1 13
22 5 1 1 1 1
23 5 1 1 1 4
24 5 1 1 1 17
25 5 1 1 1 20
26 5 1 1 1 4
27 5 1 1 1 5
1 6 1 1 1 9
2 6 1 1 1 3
3 6 1 1 1 9
4 6 1 1 1 27
5 6 1 1 1 3
7 6 1 1 1 3
8 6 1 1 1 9
9 6 1 1 1 6
10 6 1 1 1 8
11 6 1 1 1 23
12 6 1 1 1 22
13 6 1 1 1 2
14 6 1 1 1 1
15 6 1 1 1 6
16 6 1 1 1 5
17 6 1 1 1 7
18 6 1 1 1 2
19 6 1 1 1 7
20 6 1 1 1 26
21 6 1 1 1 14
22 6 1 1 1 2
23 6 1 1 1 3
24 6 1 1 1 4
25 6 1 1 1 18
26 6 1 1 1 17
27 6 1 1 1 6
1 7 1 1 1 27
2 7 1 1 1 9
3 7 1 1 1 3
4 7 1 1 1 9
5 7 1 1 1 9
6 7 1 1 1 3
8 7 1 1 1 3
9 7 1 1 1 23
10 7 1 1 1 6
11 7 1 1 1 6
12 7 1 1 1 24
13 7 1 1 1 6
14 7 1 1 1 2
15 7 1 1 1 2
16 7 1 1 1 7
17 7 1 1 1 26
18 7 1 1 1 7
19 7 1 1 1 2
20 7 1 1 1 7
21 7 1 1 1 15
22 7 1 1 1 3
23 7 1 1 1 18
24 7 1 1 1 3
25 7 1 1 1 3
26 7 1 1 1 19
27 7 1 1 1 7
1 8 1 1 1 9
2 8 1 1 1 27
3 8 1 1 1 9
4 8 1 1 1 3
5 8 1 1 1 3
6 8 1 1 1 9
7 8 1 1 1 3
9 8 1 1 1 25
10 8 1 1 1 24
11 8 1 1 1 8
12 8 1 1 1 6
13 8 1 1 1 8
14 8 1 1 1 7
15 8 1 1 1 1
16 8 1 1 1 2
17 8 1 1 1 7
18 8 1 1 1 26
19 8 1 1 1 7
20 8 1 1 1 2
21 8 1 1 1 16
22 8 1 1 1 4
23 8 1 1 1 20
24 8 1 1 1 19
25 8 1 1 1 4
26 8 1 1 1 3
27 8 1 1 1 8
0  # ORT
