108  # PAR
1 1 1 0 1 1
2 1 1 0 1 9
3 1 1 0 1 11
4 1 1 0 1 4
5 1 1 0 1 17
6 1 1 0 1 23
7 1 1 0 1 25
8 1 1 0 1 20
9 1 1 0 1 9
10 1 1 0 1 21
11 1 1 0 1 11
12 1 1 0 1 12
13 1 1 0 1 23
14 1 1 0 1 27
15 1 1 0 1 25
16 1 1 0 1 26
17 1 1 0 1 17
18 1 1 0 1 23
19 1 1 0 1 25
20 1 1 0 1 20
21 1 1 0 1 21
22 1 1 0 1 27
23 1 1 0 1 23
24 1 1 0 1 27
25 1 1 0 1 25
26 1 1 0 1 26
27 1 1 0 1 27
1 2 1 0 1 9
2 2 1 0 1 2
3 2 1 0 1 3
4 2 1 0 1 11
5 2 1 0 1 23
6 2 1 0 1 18
7 2 1 0 1 19
8 2 1 0 1 25
9 2 1 0 1 9
10 2 1 0 1 10
11 2 1 0 1 11
12 2 1 0 1 21
13 2 1 0 1 23
14 2 1 0 1 24
15 2 1 0 1 25
16 2 1 0 1 27
17 2 1 0 1 23
18 2 1 0 1 18
19 2 1 0 1 19
20 2 1 0 1 25
21 2 1 0 1 21
22 2 1 0 1 27
23 2 1 0 1 23
24 2 1 0 1 24
25 2 1 0 1 25
26 2 1 0 1 27
27 2 1 0 1 27
1 3 1 0 1 23
2 3 1 0 1 18
3 3 1 0 1 19
4 3 1 0 1 25
5 3 1 0 1 13
6 3 1 0 1 6
7 3 1 0 1 7
8 3 1 0 1 15
9 3 1 0 1 23
10 3 1 0 1 24
11 3 1 0 1 25
12 3 1 0 1 27
13 3 1 0 1 13
14 3 1 0 1 14
15 3 1 0 1 15
16 3 1 0 1 22
17 3 1 0 1 23
18 3 1 0 1 18
19 3 1 0 1 19
20 3 1 0 1 25
21 3 1 0 1 27
22 3 1 0 1 22
23 3 1 0 1 23
24 3 1 0 1 24
25 3 1 0 1 25
26 3 1 0 1 27
27 3 1 0 1 27
1 4 1 0 1 17
2 4 1 0 1 23
3 4 1 0 1 25
4 4 1 0 1 20
5 4 1 0 1 5
6 4 1 0 1 13
7 4 1 0 1 15
8 4 1 0 1 8
9 4 1 0 1 23
10 4 1 0 1 27
11 4 1 0 1 25
12 4 1 0 1 26
13 4 1 0 1 13
14 4 1 0 1 22
15 4 1 0 1 15
16 4 1 0 1 16
17 4 1 0 1 17
18 4 1 0 1 23
19 4 1 0 1 25
20 4 1 0 1 20
21 4 1 0 1 27
22 4 1 0 1 22
23 4 1 0 1 23
24 4 1 0 1 27
25 4 1 0 1 25
26 4 1 0 1 26
27 4 1 0 1 27
96  # SON
2 1 1 0 1 3
3 1 1 0 1 3
5 1 1 0 1 3
6 1 1 0 1 9
7 1 1 0 1 9
8 1 1 0 1 3
9 1 1 0 1 1
10 1 1 0 1 3
11 1 1 0 1 1
13 1 1 0 1 8
14 1 1 0 1 9
15 1 1 0 1 8
16 1 1 0 1 3
17 1 1 0 1 1
18 1 1 0 1 5
19 1 1 0 1 5
20 1 1 0 1 1
21 1 1 0 1 1
22 1 1 0 1 8
23 1 1 0 1 1
24 1 1 0 1 5
25 1 1 0 1 1
26 1 1 0 1 1
27 1 1 0 1 1
1 2 1 0 1 3
4 2 1 0 1 3
5 2 1 0 1 9
6 2 1 0 1 3
7 2 1 0 1 3
8 2 1 0 1 9
9 2 1 0 1 2
11 2 1 0 1 2
12 2 1 0 1 3
13 2 1 0 1 6
14 2 1 0 1 3
15 2 1 0 1 6
16 2 1 0 1 9
17 2 1 0 1 5
18 2 1 0 1 1
19 2 1 0 1 1
20 2 1 0 1 5
21 2 1 0 1 2
22 2 1 0 1 6
23 2 1 0 1 2
24 2 1 0 1 1
25 2 1 0 1 2
26 2 1 0 1 5
27 2 1 0 1 2
1 3 1 0 1 9
2 3 1 0 1 3
3 3 1 0 1 3
4 3 1 0 1 9
5 3 1 0 1 3
8 3 1 0 1 3
9 3 1 0 1 6
10 3 1 0 1 3
11 3 1 0 1 6
12 3 1 0 1 9
13 3 1 0 1 2
15 3 1 0 1 2
16 3 1 0 1 3
17 3 1 0 1 7
18 3 1 0 1 2
19 3 1 0 1 2
20 3 1 0 1 7
21 3 1 0 1 6
22 3 1 0 1 2
23 3 1 0 1 3
24 3 1 0 1 2
25 3 1 0 1 3
26 3 1 0 1 7
27 3 1 0 1 3
1 4 1 0 1 3
2 4 1 0 1 9
3 4 1 0 1 9
4 4 1 0 1 3
6 4 1 0 1 3
7 4 1 0 1 3
9 4 1 0 1 8
10 4 1 0 1 9
11 4 1 0 1 8
12 4 1 0 1 3
13 4 1 0 1 1
14 4 1 0 1 3
15 4 1 0 1 1
17 4 1 0 1 2
18 4 1 0 1 7
19 4 1 0 1 7
20 4 1 0 1 2
21 4 1 0 1 8
22 4 1 0 1 1
23 4 1 0 1 4
24 4 1 0 1 7
25 4 1 0 1 4
26 4 1 0 1 2
27 4 1 0 1 4
0  # ORT
