54  # PAR
1 1 0 1 0 1
2 1 0 1 0 2
3 1 0 1 0 10
4 1 0 1 0 12
5 1 0 1 0 5
6 1 0 1 0 6
7 1 0 1 0 14
8 1 0 1 0 16
9 1 0 1 0 9
10 1 0 1 0 10
11 1 0 1 0 21
12 1 0 1 0 12
13 1 0 1 0 13
14 1 0 1 0 14
15 1 0 1 0 22
16 1 0 1 0 16
17 1 0 1 0 17
18 1 0 1 0 18
19 1 0 1 0 24
20 1 0 1 0 26
21 1 0 1 0 21
22 1 0 1 0 22
23 1 0 1 0 23
24 1 0 1 0 24
25 1 0 1 0 27
26 1 0 1 0 26
27 1 0 1 0 27
1 2 0 1 0 12
2 2 0 1 0 10
3 2 0 1 0 3
4 2 0 1 0 4
5 2 0 1 0 16
6 2 0 1 0 14
7 2 0 1 0 7
8 2 0 1 0 8
9 2 0 1 0 21
10 2 0 1 0 10
11 2 0 1 0 11
12 2 0 1 0 12
13 2 0 1 0 22
14 2 0 1 0 14
15 2 0 1 0 15
16 2 0 1 0 16
17 2 0 1 0 26
18 2 0 1 0 24
19 2 0 1 0 19
20 2 0 1 0 20
21 2 0 1 0 21
22 2 0 1 0 22
23 2 0 1 0 27
24 2 0 1 0 24
25 2 0 1 0 25
26 2 0 1 0 26
27 2 0 1 0 27
36  # SON
3 1 0 1 0 3
4 1 0 1 0 3
7 1 0 1 0 3
8 1 0 1 0 3
10 1 0 1 0 1
11 1 0 1 0 3
12 1 0 1 0 1
14 1 0 1 0 1
15 1 0 1 0 3
16 1 0 1 0 1
19 1 0 1 0 3
20 1 0 1 0 3
21 1 0 1 0 1
22 1 0 1 0 1
24 1 0 1 0 1
25 1 0 1 0 3
26 1 0 1 0 1
27 1 0 1 0 1
1 2 0 1 0 3
2 2 0 1 0 3
5 2 0 1 0 3
6 2 0 1 0 3
9 2 0 1 0 3
10 2 0 1 0 2
12 2 0 1 0 2
13 2 0 1 0 3
14 2 0 1 0 2
16 2 0 1 0 2
17 2 0 1 0 3
18 2 0 1 0 3
21 2 0 1 0 2
22 2 0 1 0 2
23 2 0 1 0 3
24 2 0 1 0 2
26 2 0 1 0 2
27 2 0 1 0 2
0  # ORT
