54  # PAR
1 1 1 0 0 1
2 1 1 0 0 2
3 1 1 0 0 3
4 1 1 0 0 4
5 1 1 0 0 17
6 1 1 0 0 18
7 1 1 0 0 19
8 1 1 0 0 20
9 1 1 0 0 9
10 1 1 0 0 10
11 1 1 0 0 11
12 1 1 0 0 12
13 1 1 0 0 23
14 1 1 0 0 24
15 1 1 0 0 25
16 1 1 0 0 26
17 1 1 0 0 17
18 1 1 0 0 18
19 1 1 0 0 19
20 1 1 0 0 20
21 1 1 0 0 21
22 1 1 0 0 27
23 1 1 0 0 23
24 1 1 0 0 24
25 1 1 0 0 25
26 1 1 0 0 26
27 1 1 0 0 27
1 2 1 0 0 17
2 2 1 0 0 18
3 2 1 0 0 19
4 2 1 0 0 20
5 2 1 0 0 5
6 2 1 0 0 6
7 2 1 0 0 7
8 2 1 0 0 8
9 2 1 0 0 23
10 2 1 0 0 24
11 2 1 0 0 25
12 2 1 0 0 26
13 2 1 0 0 13
14 2 1 0 0 14
15 2 1 0 0 15
16 2 1 0 0 16
17 2 1 0 0 17
18 2 1 0 0 18
19 2 1 0 0 19
20 2 1 0 0 20
21 2 1 0 0 27
22 2 1 0 0 22
23 2 1 0 0 23
24 2 1 0 0 24
25 2 1 0 0 25
26 2 1 0 0 26
27 2 1 0 0 27
36  # SON
5 1 1 0 0 3
6 1 1 0 0 3
7 1 1 0 0 3
8 1 1 0 0 3
13 1 1 0 0 3
14 1 1 0 0 3
15 1 1 0 0 3
16 1 1 0 0 3
17 1 1 0 0 1
18 1 1 0 0 1
19 1 1 0 0 1
20 1 1 0 0 1
22 1 1 0 0 3
23 1 1 0 0 1
24 1 1 0 0 1
25 1 1 0 0 1
26 1 1 0 0 1
27 1 1 0 0 1
1 2 1 0 0 3
2 2 1 0 0 3
3 2 1 0 0 3
4 2 1 0 0 3
9 2 1 0 0 3
10 2 1 0 0 3
11 2 1 0 0 3
12 2 1 0 0 3
17 2 1 0 0 2
18 2 1 0 0 2
19 2 1 0 0 2
20 2 1 0 0 2
21 2 1 0 0 3
23 2 1 0 0 2
24 2 1 0 0 2
25 2 1 0 0 2
26 2 1 0 0 2
27 2 1 0 0 2
0  # ORT
