108  # PAR
1 1 0 1 1 1
2 1 0 1 1 9
3 1 0 1 1 21
4 1 0 1 1 12
5 1 0 1 1 5
6 1 0 1 1 13
7 1 0 1 1 22
8 1 0 1 1 16
9 1 0 1 1 9
10 1 0 1 1 21
11 1 0 1 1 21
12 1 0 1 1 12
13 1 0 1 1 13
14 1 0 1 1 22
15 1 0 1 1 22
16 1 0 1 1 16
17 1 0 1 1 17
18 1 0 1 1 23
19 1 0 1 1 27
20 1 0 1 1 26
21 1 0 1 1 21
22 1 0 1 1 22
23 1 0 1 1 23
24 1 0 1 1 27
25 1 0 1 1 27
26 1 0 1 1 26
27 1 0 1 1 27
1 2 0 1 1 9
2 2 0 1 1 2
3 2 0 1 1 10
4 2 0 1 1 21
5 2 0 1 1 13
6 2 0 1 1 6
7 2 0 1 1 14
8 2 0 1 1 22
9 2 0 1 1 9
10 2 0 1 1 10
11 2 0 1 1 21
12 2 0 1 1 21
13 2 0 1 1 13
14 2 0 1 1 14
15 2 0 1 1 22
16 2 0 1 1 22
17 2 0 1 1 23
18 2 0 1 1 18
19 2 0 1 1 24
20 2 0 1 1 27
21 2 0 1 1 21
22 2 0 1 1 22
23 2 0 1 1 23
24 2 0 1 1 24
25 2 0 1 1 27
26 2 0 1 1 27
27 2 0 1 1 27
1 3 0 1 1 21
2 3 0 1 1 10
3 3 0 1 1 3
4 3 0 1 1 11
5 3 0 1 1 22
6 3 0 1 1 14
7 3 0 1 1 7
8 3 0 1 1 15
9 3 0 1 1 21
10 3 0 1 1 10
11 3 0 1 1 11
12 3 0 1 1 21
13 3 0 1 1 22
14 3 0 1 1 14
15 3 0 1 1 15
16 3 0 1 1 22
17 3 0 1 1 27
18 3 0 1 1 24
19 3 0 1 1 19
20 3 0 1 1 25
21 3 0 1 1 21
22 3 0 1 1 22
23 3 0 1 1 27
24 3 0 1 1 24
25 3 0 1 1 25
26 3 0 1 1 27
27 3 0 1 1 27
1 4 0 1 1 12
2 4 0 1 1 21
3 4 0 1 1 11
4 4 0 1 1 4
5 4 0 1 1 16
6 4 0 1 1 22
7 4 0 1 1 15
8 4 0 1 1 8
9 4 0 1 1 21
10 4 0 1 1 21
11 4 0 1 1 11
12 4 0 1 1 12
13 4 0 1 1 22
14 4 0 1 1 22
15 4 0 1 1 15
16 4 0 1 1 16
17 4 0 1 1 26
18 4 0 1 1 27
19 4 0 1 1 25
20 4 0 1 1 20
21 4 0 1 1 21
22 4 0 1 1 22
23 4 0 1 1 27
24 4 0 1 1 27
25 4 0 1 1 25
26 4 0 1 1 26
27 4 0 1 1 27
96  # SON
2 1 0 1 1 3
3 1 0 1 1 9
4 1 0 1 1 3
6 1 0 1 1 3
7 1 0 1 1 9
8 1 0 1 1 3
9 1 0 1 1 1
10 1 0 1 1 5
11 1 0 1 1 8
12 1 0 1 1 1
13 1 0 1 1 1
14 1 0 1 1 5
15 1 0 1 1 8
16 1 0 1 1 1
18 1 0 1 1 3
19 1 0 1 1 9
20 1 0 1 1 3
21 1 0 1 1 1
22 1 0 1 1 1
23 1 0 1 1 1
24 1 0 1 1 5
25 1 0 1 1 8
26 1 0 1 1 1
27 1 0 1 1 1
1 2 0 1 1 3
3 2 0 1 1 3
4 2 0 1 1 9
5 2 0 1 1 3
7 2 0 1 1 3
8 2 0 1 1 9
9 2 0 1 1 2
10 2 0 1 1 1
11 2 0 1 1 6
12 2 0 1 1 5
13 2 0 1 1 2
14 2 0 1 1 1
15 2 0 1 1 6
16 2 0 1 1 5
17 2 0 1 1 3
19 2 0 1 1 3
20 2 0 1 1 9
21 2 0 1 1 2
22 2 0 1 1 2
23 2 0 1 1 2
24 2 0 1 1 1
25 2 0 1 1 6
26 2 0 1 1 5
27 2 0 1 1 2
1 3 0 1 1 9
2 3 0 1 1 3
4 3 0 1 1 3
5 3 0 1 1 9
6 3 0 1 1 3
8 3 0 1 1 3
9 3 0 1 1 6
10 3 0 1 1 2
11 3 0 1 1 2
12 3 0 1 1 7
13 3 0 1 1 6
14 3 0 1 1 2
15 3 0 1 1 2
16 3 0 1 1 7
17 3 0 1 1 9
18 3 0 1 1 3
20 3 0 1 1 3
21 3 0 1 1 3
22 3 0 1 1 3
23 3 0 1 1 6
24 3 0 1 1 2
25 3 0 1 1 2
26 3 0 1 1 7
27 3 0 1 1 3
1 4 0 1 1 3
2 4 0 1 1 9
3 4 0 1 1 3
5 4 0 1 1 3
6 4 0 1 1 9
7 4 0 1 1 3
9 4 0 1 1 8
10 4 0 1 1 7
11 4 0 1 1 1
12 4 0 1 1 2
13 4 0 1 1 8
14 4 0 1 1 7
15 4 0 1 1 1
16 4 0 1 1 2
17 4 0 1 1 3
18 4 0 1 1 9
19 4 0 1 1 3
21 4 0 1 1 4
22 4 0 1 1 4
23 4 0 1 1 8
24 4 0 1 1 7
25 4 0 1 1 1
26 4 0 1 1 2
27 4 0 1 1 4
0  # ORT
