54  # PAR
1 1 0 0 1 1
2 1 0 0 1 9
3 1 0 0 1 11
4 1 0 0 1 4
5 1 0 0 1 5
6 1 0 0 1 13
7 1 0 0 1 15
8 1 0 0 1 8
9 1 0 0 1 9
10 1 0 0 1 21
11 1 0 0 1 11
12 1 0 0 1 12
13 1 0 0 1 13
14 1 0 0 1 22
15 1 0 0 1 15
16 1 0 0 1 16
17 1 0 0 1 17
18 1 0 0 1 23
19 1 0 0 1 25
20 1 0 0 1 20
21 1 0 0 1 21
22 1 0 0 1 22
23 1 0 0 1 23
24 1 0 0 1 27
25 1 0 0 1 25
26 1 0 0 1 26
27 1 0 0 1 27
1 2 0 0 1 9
2 2 0 0 1 2
3 2 0 0 1 3
4 2 0 0 1 11
5 2 0 0 1 13
6 2 0 0 1 6
7 2 0 0 1 7
8 2 0 0 1 15
9 2 0 0 1 9
10 2 0 0 1 10
11 2 0 0 1 11
12 2 0 0 1 21
13 2 0 0 1 13
14 2 0 0 1 14
15 2 0 0 1 15
16 2 0 0 1 22
17 2 0 0 1 23
18 2 0 0 1 18
19 2 0 0 1 19
20 2 0 0 1 25
21 2 0 0 1 21
22 2 0 0 1 22
23 2 0 0 1 23
24 2 0 0 1 24
25 2 0 0 1 25
26 2 0 0 1 27
27 2 0 0 1 27
36  # SON
2 1 0 0 1 3
3 1 0 0 1 3
6 1 0 0 1 3
7 1 0 0 1 3
9 1 0 0 1 1
10 1 0 0 1 3
11 1 0 0 1 1
13 1 0 0 1 1
14 1 0 0 1 3
15 1 0 0 1 1
18 1 0 0 1 3
19 1 0 0 1 3
21 1 0 0 1 1
22 1 0 0 1 1
23 1 0 0 1 1
24 1 0 0 1 3
25 1 0 0 1 1
27 1 0 0 1 1
1 2 0 0 1 3
4 2 0 0 1 3
5 2 0 0 1 3
8 2 0 0 1 3
9 2 0 0 1 2
11 2 0 0 1 2
12 2 0 0 1 3
13 2 0 0 1 2
15 2 0 0 1 2
16 2 0 0 1 3
17 2 0 0 1 3
20 2 0 0 1 3
21 2 0 0 1 2
22 2 0 0 1 2
23 2 0 0 1 2
25 2 0 0 1 2
26 2 0 0 1 3
27 2 0 0 1 2
0  # ORT
