84  # PAR
1 1 1 0 1
2 1 1 0 7
3 1 1 0 9
4 1 1 0 4
5 1 1 0 10
6 1 1 0 12
7 1 1 0 7
8 1 1 0 16
9 1 1 0 9
10 1 1 0 10
11 1 1 0 17
12 1 1 0 12
13 1 1 0 13
14 1 1 0 18
15 1 1 0 20
16 1 1 0 16
17 1 1 0 17
18 1 1 0 18
19 1 1 0 21
20 1 1 0 20
21 1 1 0 21
1 2 1 0 7
2 2 1 0 2
3 2 1 0 8
4 2 1 0 10
5 2 1 0 5
6 2 1 0 11
7 2 1 0 7
8 2 1 0 8
9 2 1 0 16
10 2 1 0 10
11 2 1 0 11
12 2 1 0 17
13 2 1 0 18
14 2 1 0 14
15 2 1 0 19
16 2 1 0 16
17 2 1 0 17
18 2 1 0 18
19 2 1 0 19
20 2 1 0 21
21 2 1 0 21
1 3 1 0 9
2 3 1 0 8
3 3 1 0 3
4 3 1 0 12
5 3 1 0 11
6 3 1 0 6
7 3 1 0 16
8 3 1 0 8
9 3 1 0 9
10 3 1 0 17
11 3 1 0 11
12 3 1 0 12
13 3 1 0 20
14 3 1 0 19
15 3 1 0 15
16 3 1 0 16
17 3 1 0 17
18 3 1 0 21
19 3 1 0 19
20 3 1 0 20
21 3 1 0 21
1 4 1 0 8
2 4 1 0 9
3 4 1 0 7
4 4 1 0 11
5 4 1 0 12
6 4 1 0 10
7 4 1 0 16
8 4 1 0 16
9 4 1 0 16
10 4 1 0 17
11 4 1 0 17
12 4 1 0 17
13 4 1 0 19
14 4 1 0 20
15 4 1 0 18
16 4 1 0 16
17 4 1 0 17
18 4 1 0 21
19 4 1 0 21
20 4 1 0 21
21 4 1 0 21
75  # SON
2 1 1 0 3
3 1 1 0 3
5 1 1 0 3
6 1 1 0 3
7 1 1 0 1
8 1 1 0 5
9 1 1 0 1
10 1 1 0 1
11 1 1 0 5
12 1 1 0 1
14 1 1 0 3
15 1 1 0 3
16 1 1 0 1
17 1 1 0 1
18 1 1 0 1
19 1 1 0 5
20 1 1 0 1
21 1 1 0 1
1 2 1 0 3
3 2 1 0 3
4 2 1 0 3
6 2 1 0 3
7 2 1 0 2
8 2 1 0 1
9 2 1 0 6
10 2 1 0 2
11 2 1 0 1
12 2 1 0 6
13 2 1 0 3
15 2 1 0 3
16 2 1 0 2
17 2 1 0 2
18 2 1 0 2
19 2 1 0 1
20 2 1 0 6
21 2 1 0 2
1 3 1 0 3
2 3 1 0 3
4 3 1 0 3
5 3 1 0 3
7 3 1 0 7
8 3 1 0 2
9 3 1 0 2
10 3 1 0 7
11 3 1 0 2
12 3 1 0 2
13 3 1 0 3
14 3 1 0 3
16 3 1 0 3
17 3 1 0 3
18 3 1 0 7
19 3 1 0 2
20 3 1 0 2
21 3 1 0 3
1 4 1 0 3
2 4 1 0 3
3 4 1 0 3
4 4 1 0 3
5 4 1 0 3
6 4 1 0 3
7 4 1 0 7
8 4 1 0 5
9 4 1 0 6
10 4 1 0 7
11 4 1 0 5
12 4 1 0 6
13 4 1 0 3
14 4 1 0 3
15 4 1 0 3
16 4 1 0 4
17 4 1 0 4
18 4 1 0 7
19 4 1 0 5
20 4 1 0 6
21 4 1 0 4
9  # ORT
7 4 1 0 1
8 4 1 0 1
9 4 1 0 1
10 4 1 0 1
11 4 1 0 1
12 4 1 0 1
18 4 1 0 5
19 4 1 0 5
20 4 1 0 5
