168  # PAR
1 1 1 1 1
2 1 1 1 7
3 1 1 1 9
4 1 1 1 13
5 1 1 1 18
6 1 1 1 20
7 1 1 1 7
8 1 1 1 16
9 1 1 1 9
10 1 1 1 18
11 1 1 1 21
12 1 1 1 20
13 1 1 1 13
14 1 1 1 18
15 1 1 1 20
16 1 1 1 16
17 1 1 1 21
18 1 1 1 18
19 1 1 1 21
20 1 1 1 20
21 1 1 1 21
1 2 1 1 7
2 2 1 1 2
3 2 1 1 8
4 2 1 1 18
5 2 1 1 14
6 2 1 1 19
7 2 1 1 7
8 2 1 1 8
9 2 1 1 16
10 2 1 1 18
11 2 1 1 19
12 2 1 1 21
13 2 1 1 18
14 2 1 1 14
15 2 1 1 19
16 2 1 1 16
17 2 1 1 21
18 2 1 1 18
19 2 1 1 19
20 2 1 1 21
21 2 1 1 21
1 3 1 1 9
2 3 1 1 8
3 3 1 1 3
4 3 1 1 20
5 3 1 1 19
6 3 1 1 15
7 3 1 1 16
8 3 1 1 8
9 3 1 1 9
10 3 1 1 21
11 3 1 1 19
12 3 1 1 20
13 3 1 1 20
14 3 1 1 19
15 3 1 1 15
16 3 1 1 16
17 3 1 1 21
18 3 1 1 21
19 3 1 1 19
20 3 1 1 20
21 3 1 1 21
1 4 1 1 8
2 4 1 1 9
3 4 1 1 7
4 4 1 1 19
5 4 1 1 20
6 4 1 1 18
7 4 1 1 16
8 4 1 1 16
9 4 1 1 16
10 4 1 1 21
11 4 1 1 21
12 4 1 1 21
13 4 1 1 19
14 4 1 1 20
15 4 1 1 18
16 4 1 1 16
17 4 1 1 21
18 4 1 1 21
19 4 1 1 21
20 4 1 1 21
21 4 1 1 21
1 5 1 1 13
2 5 1 1 18
3 5 1 1 20
4 5 1 1 4
5 5 1 1 10
6 5 1 1 12
7 5 1 1 18
8 5 1 1 21
9 5 1 1 20
10 5 1 1 10
11 5 1 1 17
12 5 1 1 12
13 5 1 1 13
14 5 1 1 18
15 5 1 1 20
16 5 1 1 21
17 5 1 1 17
18 5 1 1 18
19 5 1 1 21
20 5 1 1 20
21 5 1 1 21
1 6 1 1 18
2 6 1 1 14
3 6 1 1 19
4 6 1 1 10
5 6 1 1 5
6 6 1 1 11
7 6 1 1 18
8 6 1 1 19
9 6 1 1 21
10 6 1 1 10
11 6 1 1 11
12 6 1 1 17
13 6 1 1 18
14 6 1 1 14
15 6 1 1 19
16 6 1 1 21
17 6 1 1 17
18 6 1 1 18
19 6 1 1 19
20 6 1 1 21
21 6 1 1 21
1 7 1 1 20
2 7 1 1 19
3 7 1 1 15
4 7 1 1 12
5 7 1 1 11
6 7 1 1 6
7 7 1 1 21
8 7 1 1 19
9 7 1 1 20
10 7 1 1 17
11 7 1 1 11
12 7 1 1 12
13 7 1 1 20
14 7 1 1 19
15 7 1 1 15
16 7 1 1 21
17 7 1 1 17
18 7 1 1 21
19 7 1 1 19
20 7 1 1 20
21 7 1 1 21
1 8 1 1 19
2 8 1 1 20
3 8 1 1 18
4 8 1 1 11
5 8 1 1 12
6 8 1 1 10
7 8 1 1 21
8 8 1 1 21
9 8 1 1 21
10 8 1 1 17
11 8 1 1 17
12 8 1 1 17
13 8 1 1 19
14 8 1 1 20
15 8 1 1 18
16 8 1 1 21
17 8 1 1 17
18 8 1 1 21
19 8 1 1 21
20 8 1 1 21
21 8 1 1 21
162  # SON
2 1 1 1 3
3 1 1 1 3
4 1 1 1 3
5 1 1 1 9
6 1 1 1 9
7 1 1 1 1
8 1 1 1 5
9 1 1 1 1
10 1 1 1 8
11 1 1 1 19
12 1 1 1 8
13 1 1 1 1
14 1 1 1 5
15 1 1 1 5
16 1 1 1 1
17 1 1 1 9
18 1 1 1 1
19 1 1 1 13
20 1 1 1 1
21 1 1 1 1
1 2 1 1 3
3 2 1 1 3
4 2 1 1 9
5 2 1 1 3
6 2 1 1 9
7 2 1 1 2
8 2 1 1 1
9 2 1 1 6
10 2 1 1 6
11 2 1 1 8
12 2 1 1 20
13 2 1 1 5
14 2 1 1 1
15 2 1 1 5
16 2 1 1 2
17 2 1 1 10
18 2 1 1 2
19 2 1 1 1
20 2 1 1 14
21 2 1 1 2
1 3 1 1 3
2 3 1 1 3
4 3 1 1 9
5 3 1 1 9
6 3 1 1 3
7 3 1 1 7
8 3 1 1 2
9 3 1 1 2
10 3 1 1 21
11 3 1 1 6
12 3 1 1 6
13 3 1 1 5
14 3 1 1 5
15 3 1 1 1
16 3 1 1 3
17 3 1 1 11
18 3 1 1 15
19 3 1 1 2
20 3 1 1 2
21 3 1 1 3
1 4 1 1 3
2 4 1 1 3
3 4 1 1 3
4 4 1 1 9
5 4 1 1 9
6 4 1 1 9
7 4 1 1 7
8 4 1 1 5
9 4 1 1 6
10 4 1 1 21
11 4 1 1 19
12 4 1 1 20
13 4 1 1 5
14 4 1 1 5
15 4 1 1 5
16 4 1 1 4
17 4 1 1 12
18 4 1 1 15
19 4 1 1 13
20 4 1 1 14
21 4 1 1 4
1 5 1 1 3
2 5 1 1 9
3 5 1 1 9
5 5 1 1 3
6 5 1 1 3
7 5 1 1 8
8 5 1 1 19
9 5 1 1 8
10 5 1 1 1
11 5 1 1 5
12 5 1 1 1
13 5 1 1 2
14 5 1 1 7
15 5 1 1 7
16 5 1 1 9
17 5 1 1 1
18 5 1 1 4
19 5 1 1 16
20 5 1 1 4
21 5 1 1 5
1 6 1 1 9
2 6 1 1 3
3 6 1 1 9
4 6 1 1 3
6 6 1 1 3
7 6 1 1 6
8 6 1 1 8
9 6 1 1 20
10 6 1 1 2
11 6 1 1 1
12 6 1 1 6
13 6 1 1 7
14 6 1 1 2
15 6 1 1 7
16 6 1 1 10
17 6 1 1 2
18 6 1 1 3
19 6 1 1 4
20 6 1 1 17
21 6 1 1 6
1 7 1 1 9
2 7 1 1 9
3 7 1 1 3
4 7 1 1 3
5 7 1 1 3
7 7 1 1 21
8 7 1 1 6
9 7 1 1 6
10 7 1 1 7
11 7 1 1 2
12 7 1 1 2
13 7 1 1 7
14 7 1 1 7
15 7 1 1 2
16 7 1 1 11
17 7 1 1 3
18 7 1 1 18
19 7 1 1 3
20 7 1 1 3
21 7 1 1 7
1 8 1 1 9
2 8 1 1 9
3 8 1 1 9
4 8 1 1 3
5 8 1 1 3
6 8 1 1 3
7 8 1 1 21
8 8 1 1 19
9 8 1 1 20
10 8 1 1 7
11 8 1 1 5
12 8 1 1 6
13 8 1 1 7
14 8 1 1 7
15 8 1 1 7
16 8 1 1 12
17 8 1 1 4
18 8 1 1 18
19 8 1 1 16
20 8 1 1 17
21 8 1 1 8
18  # ORT
7 4 1 1 1
8 4 1 1 1
9 4 1 1 1
10 4 1 1 1
11 4 1 1 1
12 4 1 1 1
18 4 1 1 5
19 4 1 1 5
20 4 1 1 5
7 8 1 1 1
8 8 1 1 1
9 8 1 1 1
10 8 1 1 1
11 8 1 1 1
12 8 1 1 1
18 8 1 1 5
19 8 1 1 5
20 8 1 1 5
