42  # PAR
1 1 0 1 1
2 1 0 1 2
3 1 0 1 3
4 1 0 1 13
5 1 0 1 14
6 1 0 1 15
7 1 0 1 7
8 1 0 1 8
9 1 0 1 9
10 1 0 1 18
11 1 0 1 19
12 1 0 1 20
13 1 0 1 13
14 1 0 1 14
15 1 0 1 15
16 1 0 1 16
17 1 0 1 21
18 1 0 1 18
19 1 0 1 19
20 1 0 1 20
21 1 0 1 21
1 2 0 1 13
2 2 0 1 14
3 2 0 1 15
4 2 0 1 4
5 2 0 1 5
6 2 0 1 6
7 2 0 1 18
8 2 0 1 19
9 2 0 1 20
10 2 0 1 10
11 2 0 1 11
12 2 0 1 12
13 2 0 1 13
14 2 0 1 14
15 2 0 1 15
16 2 0 1 21
17 2 0 1 17
18 2 0 1 18
19 2 0 1 19
20 2 0 1 20
21 2 0 1 21
28  # SON
4 1 0 1 3
5 1 0 1 3
6 1 0 1 3
10 1 0 1 3
11 1 0 1 3
12 1 0 1 3
13 1 0 1 1
14 1 0 1 1
15 1 0 1 1
17 1 0 1 3
18 1 0 1 1
19 1 0 1 1
20 1 0 1 1
21 1 0 1 1
1 2 0 1 3
2 2 0 1 3
3 2 0 1 3
7 2 0 1 3
8 2 0 1 3
9 2 0 1 3
13 2 0 1 2
14 2 0 1 2
15 2 0 1 2
16 2 0 1 3
18 2 0 1 2
19 2 0 1 2
20 2 0 1 2
21 2 0 1 2
0  # ORT
