82  # PAR
1 1 1 0 10
2 1 1 0 11
3 1 1 0 12
4 1 1 0 13
5 1 1 0 5
6 1 1 0 15
7 1 1 0 16
8 1 1 0 17
9 1 1 0 18
10 1 1 0 10
11 1 1 0 11
12 1 1 0 12
13 1 1 0 13
14 1 1 0 19
15 1 1 0 15
16 1 1 0 16
17 1 1 0 17
18 1 1 0 18
19 1 1 0 19
1 2 1 0 1
2 2 1 0 10
3 2 1 0 6
4 2 1 0 4
5 2 1 0 13
6 2 1 0 8
7 2 1 0 10
8 2 1 0 15
9 2 1 0 6
10 2 1 0 13
11 2 1 0 17
12 2 1 0 8
13 2 1 0 9
14 2 1 0 18
15 2 1 0 14
16 2 1 0 15
17 2 1 0 17
18 2 1 0 18
19 2 1 0 19
20 2 1 0 14
21 2 1 0 19
1 3 1 0 6
2 3 1 0 11
3 3 1 0 2
4 3 1 0 8
5 3 1 0 12
6 3 1 0 3
7 3 1 0 15
8 3 1 0 11
9 3 1 0 6
10 3 1 0 17
11 3 1 0 12
12 3 1 0 8
13 3 1 0 14
14 3 1 0 16
15 3 1 0 7
16 3 1 0 15
17 3 1 0 17
18 3 1 0 19
19 3 1 0 16
20 3 1 0 14
21 3 1 0 19
1 4 1 0 11
2 4 1 0 6
3 4 1 0 10
4 4 1 0 12
5 4 1 0 8
6 4 1 0 13
7 4 1 0 15
8 4 1 0 15
9 4 1 0 15
10 4 1 0 17
11 4 1 0 17
12 4 1 0 17
13 4 1 0 16
14 4 1 0 14
15 4 1 0 18
16 4 1 0 15
17 4 1 0 17
18 4 1 0 19
19 4 1 0 19
20 4 1 0 19
21 4 1 0 19
75  # SON
1 1 1 0 3
2 1 1 0 3
3 1 1 0 3
4 1 1 0 3
6 1 1 0 7
7 1 1 0 3
8 1 1 0 7
9 1 1 0 3
10 1 1 0 2
11 1 1 0 2
12 1 1 0 2
13 1 1 0 2
14 1 1 0 5
15 1 1 0 3
16 1 1 0 1
17 1 1 0 3
18 1 1 0 1
19 1 1 0 1
2 2 1 0 3
3 2 1 0 3
5 2 1 0 3
6 2 1 0 3
7 2 1 0 1
8 2 1 0 5
9 2 1 0 1
10 2 1 0 1
11 2 1 0 5
12 2 1 0 1
14 2 1 0 3
15 2 1 0 3
16 2 1 0 1
17 2 1 0 1
18 2 1 0 2
19 2 1 0 6
20 2 1 0 1
21 2 1 0 2
1 3 1 0 3
2 3 1 0 3
4 3 1 0 3
5 3 1 0 3
7 3 1 0 6
8 3 1 0 1
9 3 1 0 2
10 3 1 0 6
11 3 1 0 1
12 3 1 0 2
13 3 1 0 3
14 3 1 0 3
16 3 1 0 2
17 3 1 0 2
18 3 1 0 7
19 3 1 0 2
20 3 1 0 2
21 3 1 0 3
1 4 1 0 3
2 4 1 0 3
3 4 1 0 3
4 4 1 0 3
5 4 1 0 3
6 4 1 0 3
7 4 1 0 6
8 4 1 0 5
9 4 1 0 7
10 4 1 0 6
11 4 1 0 5
12 4 1 0 7
13 4 1 0 3
14 4 1 0 3
15 4 1 0 3
16 4 1 0 4
17 4 1 0 4
18 4 1 0 7
19 4 1 0 6
20 4 1 0 5
21 4 1 0 4
21  # ORT
8 2 1 0 1
11 2 1 0 1
16 2 1 0 3
17 2 1 0 3
18 2 1 0 4
19 2 1 0 1
8 3 1 0 1
11 3 1 0 1
16 3 1 0 3
17 3 1 0 3
18 3 1 0 4
19 3 1 0 1
7 4 1 0 1
9 4 1 0 1
10 4 1 0 1
12 4 1 0 1
16 4 1 0 3
17 4 1 0 3
18 4 1 0 1
19 4 1 0 4
20 4 1 0 5
