120  # PAR
1 1 1 3 1
2 1 1 3 5
3 1 1 3 7
4 1 1 3 8
5 1 1 3 5
6 1 1 3 11
7 1 1 3 7
8 1 1 3 8
9 1 1 3 12
10 1 1 3 14
11 1 1 3 11
12 1 1 3 12
13 1 1 3 15
14 1 1 3 14
15 1 1 3 15
1 2 1 3 5
2 2 1 3 2
3 2 1 3 6
4 2 1 3 9
5 2 1 3 5
6 2 1 3 6
7 2 1 3 11
8 2 1 3 12
9 2 1 3 9
10 2 1 3 13
11 2 1 3 11
12 2 1 3 12
13 2 1 3 13
14 2 1 3 15
15 2 1 3 15
1 3 1 3 7
2 3 1 3 6
3 3 1 3 3
4 3 1 3 10
5 3 1 3 11
6 3 1 3 6
7 3 1 3 7
8 3 1 3 14
9 3 1 3 13
10 3 1 3 10
11 3 1 3 11
12 3 1 3 15
13 3 1 3 13
14 3 1 3 14
15 3 1 3 15
1 4 1 3 8
2 4 1 3 9
3 4 1 3 10
4 4 1 3 4
5 4 1 3 12
6 4 1 3 13
7 4 1 3 14
8 4 1 3 8
9 4 1 3 9
10 4 1 3 10
11 4 1 3 15
12 4 1 3 12
13 4 1 3 13
14 4 1 3 14
15 4 1 3 15
1 5 1 3 8
2 5 1 3 6
3 5 1 3 9
4 5 1 3 5
5 5 1 3 15
6 5 1 3 13
7 5 1 3 12
8 5 1 3 12
9 5 1 3 11
10 5 1 3 12
11 5 1 3 15
12 5 1 3 15
13 5 1 3 15
14 5 1 3 12
15 5 1 3 15
1 6 1 3 8
2 6 1 3 6
3 6 1 3 5
4 6 1 3 7
5 6 1 3 15
6 6 1 3 11
7 6 1 3 12
8 6 1 3 14
9 6 1 3 11
10 6 1 3 11
11 6 1 3 15
12 6 1 3 15
13 6 1 3 11
14 6 1 3 15
15 6 1 3 15
1 7 1 3 8
2 7 1 3 6
3 7 1 3 7
4 7 1 3 10
5 7 1 3 15
6 7 1 3 11
7 7 1 3 14
8 7 1 3 14
9 7 1 3 13
10 7 1 3 14
11 7 1 3 15
12 7 1 3 15
13 7 1 3 15
14 7 1 3 14
15 7 1 3 15
1 8 1 3 8
2 8 1 3 6
3 8 1 3 10
4 8 1 3 9
5 8 1 3 15
6 8 1 3 13
7 8 1 3 14
8 8 1 3 12
9 8 1 3 13
10 8 1 3 13
11 8 1 3 15
12 8 1 3 15
13 8 1 3 13
14 8 1 3 15
15 8 1 3 15
116  # SON
2 1 1 3 3
3 1 1 3 3
4 1 1 3 3
5 1 1 3 1
6 1 1 3 5
7 1 1 3 1
8 1 1 3 1
9 1 1 3 5
10 1 1 3 5
11 1 1 3 1
12 1 1 3 1
13 1 1 3 9
14 1 1 3 1
15 1 1 3 1
1 2 1 3 3
3 2 1 3 3
4 2 1 3 3
5 2 1 3 2
6 2 1 3 1
7 2 1 3 6
8 2 1 3 6
9 2 1 3 1
10 2 1 3 5
11 2 1 3 2
12 2 1 3 2
13 2 1 3 1
14 2 1 3 10
15 2 1 3 2
1 3 1 3 3
2 3 1 3 3
4 3 1 3 3
5 3 1 3 7
6 3 1 3 2
7 3 1 3 2
8 3 1 3 6
9 3 1 3 6
10 3 1 3 1
11 3 1 3 3
12 3 1 3 11
13 3 1 3 2
14 3 1 3 2
15 3 1 3 3
1 4 1 3 3
2 4 1 3 3
3 4 1 3 3
5 4 1 3 7
6 4 1 3 7
7 4 1 3 7
8 4 1 3 2
9 4 1 3 2
10 4 1 3 2
11 4 1 3 12
12 4 1 3 3
13 4 1 3 3
14 4 1 3 3
15 4 1 3 4
1 5 1 3 3
2 5 1 3 3
3 5 1 3 3
4 5 1 3 3
5 5 1 3 17
6 5 1 3 5
7 5 1 3 7
8 5 1 3 5
9 5 1 3 6
10 5 1 3 6
11 5 1 3 16
12 5 1 3 13
13 5 1 3 10
14 5 1 3 4
15 5 1 3 5
1 6 1 3 3
2 6 1 3 3
3 6 1 3 3
4 6 1 3 3
5 6 1 3 17
6 6 1 3 6
7 6 1 3 5
8 6 1 3 5
9 6 1 3 7
10 6 1 3 5
11 6 1 3 13
12 6 1 3 14
13 6 1 3 4
14 6 1 3 9
15 6 1 3 6
1 7 1 3 3
2 7 1 3 3
3 7 1 3 3
4 7 1 3 3
5 7 1 3 17
6 7 1 3 7
7 7 1 3 5
8 7 1 3 7
9 7 1 3 6
10 7 1 3 6
11 7 1 3 14
12 7 1 3 15
13 7 1 3 11
14 7 1 3 4
15 7 1 3 7
1 8 1 3 3
2 8 1 3 3
3 8 1 3 3
4 8 1 3 3
5 8 1 3 17
6 8 1 3 6
7 8 1 3 7
8 8 1 3 7
9 8 1 3 5
10 8 1 3 7
11 8 1 3 15
12 8 1 3 16
13 8 1 3 4
14 8 1 3 12
15 8 1 3 8
18  # ORT
8 5 1 3 1
9 5 1 3 1
10 5 1 3 1
13 5 1 3 2
14 5 1 3 4
6 6 1 3 1
7 6 1 3 1
8 6 1 3 1
9 6 1 3 1
13 6 1 3 3
14 6 1 3 1
6 7 1 3 1
7 7 1 3 1
13 7 1 3 4
14 7 1 3 2
10 8 1 3 1
13 8 1 3 1
14 8 1 3 3
