70  # PAR
1 1 2 4 1
2 1 2 4 5
3 1 2 4 7
4 1 2 4 4
5 1 2 4 9
6 1 2 4 10
7 1 2 4 5
8 1 2 4 11
9 1 2 4 7
10 1 2 4 9
11 1 2 4 13
12 1 2 4 10
13 1 2 4 8
14 1 2 4 12
15 1 2 4 14
16 1 2 4 11
17 1 2 4 13
18 1 2 4 12
19 1 2 4 15
20 1 2 4 14
21 1 2 4 15
1 2 2 4 5
2 2 2 4 2
3 2 2 4 6
4 2 2 4 9
5 2 2 4 5
6 2 2 4 6
7 2 2 4 11
8 2 2 4 12
9 2 2 4 9
10 2 2 4 13
11 2 2 4 11
12 2 2 4 12
13 2 2 4 13
14 2 2 4 15
15 2 2 4 15
1 3 2 4 7
2 3 2 4 6
3 3 2 4 3
4 3 2 4 10
5 3 2 4 11
6 3 2 4 6
7 3 2 4 7
8 3 2 4 14
9 3 2 4 13
10 3 2 4 10
11 3 2 4 11
12 3 2 4 15
13 3 2 4 13
14 3 2 4 14
15 3 2 4 15
1 4 2 4 5
2 4 2 4 7
3 4 2 4 10
4 4 2 4 9
5 4 2 4 6
6 4 2 4 11
7 4 2 4 14
8 4 2 4 13
9 4 2 4 12
10 4 2 4 11
11 4 2 4 11
12 4 2 4 13
13 4 2 4 13
14 4 2 4 15
15 4 2 4 11
16 4 2 4 15
17 4 2 4 13
18 4 2 4 15
19 4 2 4 15
65  # SON
2 1 2 4 3
3 1 2 4 3
5 1 2 4 3
6 1 2 4 3
7 1 2 4 1
8 1 2 4 5
9 1 2 4 1
10 1 2 4 2
11 1 2 4 7
12 1 2 4 2
14 1 2 4 3
15 1 2 4 3
16 1 2 4 1
17 1 2 4 3
18 1 2 4 2
19 1 2 4 5
20 1 2 4 2
21 1 2 4 1
1 2 2 4 3
3 2 2 4 3
4 2 2 4 3
5 2 2 4 2
6 2 2 4 1
7 2 2 4 6
8 2 2 4 3
9 2 2 4 1
10 2 2 4 5
11 2 2 4 2
12 2 2 4 1
13 2 2 4 1
14 2 2 4 6
15 2 2 4 2
1 3 2 4 3
2 3 2 4 3
4 3 2 4 3
5 3 2 4 7
6 3 2 4 2
7 3 2 4 2
8 3 2 4 3
9 3 2 4 6
10 3 2 4 1
11 3 2 4 3
12 3 2 4 7
13 3 2 4 2
14 3 2 4 1
15 3 2 4 3
1 4 2 4 3
2 4 2 4 3
3 4 2 4 3
4 4 2 4 3
5 4 2 4 3
6 4 2 4 5
7 4 2 4 3
8 4 2 4 7
9 4 2 4 3
10 4 2 4 6
11 4 2 4 7
12 4 2 4 6
13 4 2 4 5
14 4 2 4 5
15 4 2 4 4
16 4 2 4 7
17 4 2 4 4
18 4 2 4 6
19 4 2 4 4
9  # ORT
10 1 2 4 1
12 1 2 4 1
17 1 2 4 1
12 4 2 4 1
13 4 2 4 1
15 4 2 4 5
16 4 2 4 3
17 4 2 4 4
18 4 2 4 3
