36  # PAR
1 1 3 2 5
2 1 3 2 2
3 1 3 2 6
4 1 3 2 9
5 1 3 2 5
6 1 3 2 6
7 1 3 2 11
8 1 3 2 12
9 1 3 2 9
10 1 3 2 13
11 1 3 2 11
12 1 3 2 12
13 1 3 2 13
14 1 3 2 15
15 1 3 2 15
1 2 3 2 1
2 2 3 2 3
3 2 3 2 4
4 2 3 2 5
5 2 3 2 6
6 2 3 2 9
7 2 3 2 7
8 2 3 2 10
9 2 3 2 8
10 2 3 2 11
11 2 3 2 13
12 2 3 2 12
13 2 3 2 5
14 2 3 2 6
15 2 3 2 9
16 2 3 2 14
17 2 3 2 15
18 2 3 2 11
19 2 3 2 13
20 2 3 2 12
21 2 3 2 15
28  # SON
1 1 3 2 3
3 1 3 2 3
4 1 3 2 3
5 1 3 2 2
6 1 3 2 1
7 1 3 2 3
8 1 3 2 3
9 1 3 2 1
10 1 3 2 3
11 1 3 2 1
12 1 3 2 1
13 1 3 2 1
14 1 3 2 3
15 1 3 2 1
4 2 3 2 3
5 2 3 2 3
6 2 3 2 3
10 2 3 2 3
11 2 3 2 3
12 2 3 2 3
13 2 3 2 1
14 2 3 2 2
15 2 3 2 2
17 2 3 2 3
18 2 3 2 2
19 2 3 2 2
20 2 3 2 2
21 2 3 2 2
5  # ORT
14 2 3 2 1
15 2 3 2 1
18 2 3 2 4
19 2 3 2 3
20 2 3 2 4
