
simplified Gaussian beam
initial mesh : 1 hexa p=2 dp=1
waist = 0.02

 HISTORY OF REFINEMENTS
 mesh | nrdof_tot |nrdof_con|    residual   |  rate  | field error  |rel field error|   rate 
 
   1  |       58 |       26 |  0.24779E+01  |   0.00 |  0.19665E+01 |  0.99713E+00  |   0.00
   2  |      421 |      165 |  0.77603E+00  |  -0.59 |  0.98713E+00 |  0.10043E+01  |   0.00
   3  |     1063 |      359 |  0.26425E+00  |  -1.16 |  0.49365E+00 |  0.99496E+00  |  -0.01
   4  |     4846 |     1614 |  0.75999E-01  |  -0.82 |  0.31058E+00 |  0.10041E+01  |   0.01
   5  |    17791 |     5951 |  0.51024E-01  |  -0.31 |  0.29416E+00 |  0.10002E+01  |  -0.00
   6  |    18433 |     6145 |  0.46890E-01  |  -2.38 |  0.29427E+00 |  0.10005E+01  |   0.01
   7  |    20623 |     6863 |  0.47299E-01  |   0.08 |  0.29303E+00 |  0.99611E+00  |  -0.04
   8  |    54181 |    17653 |  0.46917E-01  |  -0.01 |  0.29196E+00 |  0.99136E+00  |  -0.00
   9  |    60993 |    19697 |  0.33998E-01  |  -2.72 |  0.29015E+00 |  0.98521E+00  |  -0.05
  10  |    63308 |    20264 |  0.55354E-01  |  13.08 |  0.29037E+00 |  0.98596E+00  |   0.02
  11  |    76873 |    24309 |  0.26590E-01  |  -3.78 |  0.28731E+00 |  0.97560E+00  |  -0.05
  12  |    80499 |    25427 |  0.29698E-01  |   2.40 |  0.28588E+00 |  0.97072E+00  |  -0.11
  13  |    88080 |    27480 |  0.43942E-01  |   4.35 |  0.28671E+00 |  0.97357E+00  |   0.03
  14  |   105464 |    32596 |  0.28612E-01  |  -2.38 |  0.28208E+00 |  0.95784E+00  |  -0.09
  15  |   109151 |    33759 |  0.31774E-01  |   3.05 |  0.28037E+00 |  0.95203E+00  |  -0.18
  16  |   113877 |    35149 |  0.28017E-01  |  -2.97 |  0.27887E+00 |  0.94694E+00  |  -0.13
  17  |   120351 |    37151 |  0.26736E-01  |  -0.85 |  0.27774E+00 |  0.94312E+00  |  -0.07
  18  |   189314 |    59282 |  0.40806E-01  |   0.93 |  0.27779E+00 |  0.94331E+00  |   0.00
  19  |   199016 |    62464 |  0.36522E-01  |  -2.22 |  0.27466E+00 |  0.93265E+00  |  -0.23
  20  |   210027 |    65663 |  0.39265E-01  |   1.34 |  0.27135E+00 |  0.92144E+00  |  -0.22
  21  |   347216 |   108336 |  0.38557E-01  |  -0.04 |  0.25155E+00 |  0.85421E+00  |  -0.15
  22  |   393998 |   123214 |  0.43020E-01  |   0.87 |  0.22008E+00 |  0.74732E+00  |  -1.06
  23  |   476709 |   145721 |  0.41693E-01  |  -0.16 |  0.16909E+00 |  0.57419E+00  |  -1.38
  24  |   716795 |   209003 |  0.30167E-01  |  -0.79 |  0.10868E+00 |  0.36905E+00  |  -1.08
  25  |  1140804 |   293488 |  0.19958E-01  |  -0.89 |  0.67956E-01 |  0.23076E+00  |  -1.01
  26  |  3767582 |   745970 |  0.12176E-01  |  -0.41 |  0.36597E-01 |  0.12427E+00  |  -0.52
  27  |  6208805 |  1179729 |  0.77136E-02  |  -0.91 |  0.22018E-01 |  0.74766E-01  |  -1.02
  28  |  8233305 |  1534377 |  0.48158E-02  |  -1.67 |  0.13448E-01 |  0.45667E-01  |  -1.75
