 
 
 HISTORY OF REFINEMENTS
 mesh | nrdof_tot |nrdof_con|    residual   |  rate  | field error  |rel field error|   rate 
 
   1  |       82 |       50 |  0.29965E-01  |   0.00 |  0.48932E-01 |  0.99871E+00  |   0.00
 
   2  |      517 |      261 |  0.19879E-01  |  -0.22 |  0.49032E-01 |  0.10008E+01  |   0.00
 
   3  |     1636 |      708 |  0.16737E-01  |  -0.15 |  0.49067E-01 |  0.10015E+01  |   0.00
 
   4  |     4023 |     1655 |  0.19077E-01  |   0.15 |  0.49085E-01 |  0.10018E+01  |   0.00
 
   5  |     9197 |     3629 |  0.20897E-01  |   0.11 |  0.48784E-01 |  0.99569E+00  |  -0.01
 
   6  |    43969 |    16257 |  0.21218E-01  |   0.01 |  0.47720E-01 |  0.97397E+00  |  -0.01
 
   7  |    91877 |    34213 |  0.23584E-01  |   0.14 |  0.46885E-01 |  0.95693E+00  |  -0.02
 
   8  |   158793 |    58761 |  0.29385E-01  |   0.40 |  0.45882E-01 |  0.93647E+00  |  -0.04
 
   9  |   225787 |    82555 |  0.32149E-01  |   0.26 |  0.45184E-01 |  0.92221E+00  |  -0.04
 
  10  |   259063 |    94455 |  0.33532E-01  |   0.31 |  0.44993E-01 |  0.91833E+00  |  -0.03
 Calling close
 Calling enforce_min_rule
 enforce_min_rule: ENFORCING MAX RULE
 Calling update_gdof
 Calling update_ddof
 Done
pardiso_sc_herm: Started
pardiso_sc_herm STEP 1: Get assembly info from celem
pardiso_sc_herm STEP 1: Finished in     2.65099  seconds

pardiso_sc_herm STEP 2: Global Assembly
 bgeom3D: ERROR, mdle =
 nrdofH =           27
 Xi =       6.943184420297349E-002  0.669990521792428     
  0.000000000000000E+000
 Xnod =     0.750000000000000       0.187500000000000     
  1.562500000000000E-002  0.812500000000000       0.187500000000000     
  1.562500000000000E-002  0.812500000000000       0.218750000000000     
  1.562500000000000E-002  0.750000000000000       0.218750000000000     
  1.562500000000000E-002  0.750000000000000       0.187500000000000     
  3.125000000000000E-002  0.812500000000000       0.218750000000000     
  3.125000000000000E-002  0.750000000000000       0.218750000000000     
  3.125000000000000E-002  0.000000000000000E+000  0.000000000000000E+000
  0.000000000000000E+000  0.000000000000000E+000  0.000000000000000E+000
  0.000000000000000E+000  9.529088535802387E-018 -1.346119737602491E-018
  1.836156426450005E-020  0.000000000000000E+000  0.000000000000000E+000
  0.000000000000000E+000  0.000000000000000E+000  0.000000000000000E+000
  0.000000000000000E+000  0.000000000000000E+000  0.000000000000000E+000
  0.000000000000000E+000  0.000000000000000E+000  0.000000000000000E+000
  0.000000000000000E+000  0.000000000000000E+000  0.000000000000000E+000
  0.000000000000000E+000  0.000000000000000E+000  0.000000000000000E+000
  0.000000000000000E+000  0.000000000000000E+000  0.000000000000000E+000
  0.000000000000000E+000  0.000000000000000E+000  0.000000000000000E+000
  0.000000000000000E+000 -1.315160275272070E-017  5.298989138072758E-018
  1.958073135970630E-019 -5.972049006873982E-017 -5.972049006873954E-018
  3.732530629296256E-019  2.107782002426123E-017 -8.782425010108700E-018
 -2.195606252527170E-019 -7.415942859800847E-017  3.610393234376728E-017
 -4.966741903867363E-019 -9.529088535802386E-018  1.346119737602491E-018
 -1.836156426450005E-020 -1.289289700800770E-017 -1.509628471974770E-017
  3.655471305654472E-018  3.087652901214073E-015  1.252834331813159E-015
  1.409220814817653E-016  0.000000000000000E+000  0.000000000000000E+000
  0.000000000000000E+000  0.000000000000000E+000  0.000000000000000E+000
  0.000000000000000E+000
 ShapH =    0.307096311531159       2.291316667641271E-002
  4.651867752656078E-002  0.623471844265867       0.000000000000000E+000
  0.000000000000000E+000  0.000000000000000E+000  0.000000000000000E+000
 -2.132226325753925E-002 -1.535160449744663E-002 -4.328879995600823E-002
 -0.205751618003291       0.000000000000000E+000  0.000000000000000E+000
  0.000000000000000E+000  0.000000000000000E+000  0.000000000000000E+000
  0.000000000000000E+000  0.000000000000000E+000  0.000000000000000E+000
  1.428571428571424E-002  0.000000000000000E+000  0.000000000000000E+000
  0.000000000000000E+000  0.000000000000000E+000  0.000000000000000E+000
  0.000000000000000E+000
 GradH =   -0.330009478207572      -0.930568155797026     
 -0.307096311531159       0.330009478207572      -6.943184420297349E-002
 -2.291316667641271E-002  0.669990521792428       6.943184420297349E-002
 -4.651867752656078E-002 -0.669990521792428       0.930568155797026     
 -0.623471844265867       0.000000000000000E+000  0.000000000000000E+000
  0.307096311531159       0.000000000000000E+000  0.000000000000000E+000
  2.291316667641271E-002  0.000000000000000E+000  0.000000000000000E+000
  4.651867752656078E-002  0.000000000000000E+000  0.000000000000000E+000
  0.623471844265867      -0.284183144854747       6.461106321354748E-002
  2.132226325753925E-002 -0.221103222500738       2.360551085014807E-002
  1.535160449744663E-002 -0.576953166739306      -6.461106321354748E-002
  4.328879995600823E-002  0.221103222500738       0.316375532734708     
  0.205751618003291       0.000000000000000E+000  0.000000000000000E+000
 -2.132226325753925E-002  0.000000000000000E+000  0.000000000000000E+000
 -1.535160449744663E-002  0.000000000000000E+000  0.000000000000000E+000
 -4.328879995600823E-002  0.000000000000000E+000  0.000000000000000E+000
 -0.205751618003291       0.000000000000000E+000  0.000000000000000E+000
 -0.307096311531159       0.000000000000000E+000  0.000000000000000E+000
 -2.291316667641271E-002  0.000000000000000E+000  0.000000000000000E+000
 -4.651867752656078E-002  0.000000000000000E+000  0.000000000000000E+000
 -0.623471844265867       0.190400013505845      -2.196653669846898E-002
 -1.428571428571424E-002  0.000000000000000E+000  0.000000000000000E+000
  1.428571428571424E-002  0.000000000000000E+000  0.000000000000000E+000
  2.132226325753925E-002  0.000000000000000E+000  0.000000000000000E+000
  1.535160449744663E-002  0.000000000000000E+000  0.000000000000000E+000
  4.328879995600823E-002  0.000000000000000E+000  0.000000000000000E+000
  0.205751618003291       0.000000000000000E+000  0.000000000000000E+000
 -1.428571428571424E-002
 Dxdxi =    6.250000000000000E-002 -1.374542428683007E-018
 -4.586414704250439E-020 -2.380677042627538E-019  3.125000000000000E-002
  5.256420636623950E-021 -0.470511300544810      -0.135668429474520     
 -3.858495133308345E-003
 Dxidx =     16.0000000000000      -1.218997473094591E-016
 -1.901845997796747E-016  4.500707127475527E-016   32.0000000000000     
  4.359353959525249E-017  -1951.06655538585       -1125.15102214533     
  -259.168397380505     
 X =        0.754339490262686       0.208437203806013     
  1.562500000000000E-002
 Dxidt =     1.00000000000000       0.000000000000000E+000
  0.000000000000000E+000  0.000000000000000E+000   1.00000000000000     
  0.000000000000000E+000
 Dxdt  =    6.249999999999999E-002  1.969805252394524E-018
  3.774454498443367E-020 -2.551763754904019E-018  3.125000000000001E-002
 -1.063213620817639E-020
 Rjac  =   -7.536123307242862E-006
 Rn    =    6.039127197509389E-019 -3.402283586616442E-019
  -1.00000000000000     
