   1  |       58 |       26 |  0.50069E+01  |   0.00 |  0.20227E+01 |  0.10231E+01  |   0.00
   2  |      421 |      165 |  0.15597E+01  |  -0.59 |  0.97213E+00 |  0.98647E+00  |  -0.02
   3  |     1063 |      359 |  0.41466E+00  |  -1.43 |  0.50138E+00 |  0.10069E+01  |   0.02
   4  |     4846 |     1614 |  0.15389E+00  |  -0.65 |  0.31923E+00 |  0.10129E+01  |   0.00
   5  |    17791 |     5951 |  0.75213E-01  |  -0.55 |  0.30252E+00 |  0.10041E+01  |  -0.01
   6  |    18112 |     6048 |  0.76871E-01  |   1.22 |  0.30063E+00 |  0.99784E+00  |  -0.35
   7  |    22346 |     7386 |  0.78131E-01  |   0.08 |  0.29725E+00 |  0.98592E+00  |  -0.06
   8  |    50235 |    16431 |  0.95818E-01  |   0.25 |  0.28822E+00 |  0.95532E+00  |  -0.04
   9  |    53916 |    17784 |  0.91945E-01  |  -0.58 |  0.28107E+00 |  0.93165E+00  |  -0.35
  10  |    58460 |    19476 |  0.89035E-01  |  -0.40 |  0.27188E+00 |  0.90118E+00  |  -0.41
  11  |   116288 |    37424 |  0.88878E-01  |  -0.00 |  0.21512E+00 |  0.71306E+00  |  -0.34
  12  |   131678 |    42678 |  0.81607E-01  |  -0.69 |  0.17577E+00 |  0.58263E+00  |  -1.63
  13  |   160212 |    50812 |  0.66559E-01  |  -1.04 |  0.11153E+00 |  0.36969E+00  |  -2.32
  14  |   199673 |    60973 |  0.46834E-01  |  -1.60 |  0.71450E-01 |  0.23683E+00  |  -2.02
  15  |   237649 |    69825 |  0.34858E-01  |  -1.70 |  0.54560E-01 |  0.18085E+00  |  -1.55






      pardiso_sc           mumps_sc                mumps                 error
   assembly   total     assembly   total        assembly   total
   1.72439   3.37890    2.58915   5.71494       2.76192   7.65278      0.71306E+00
   1.90270   3.98739    3.30959   7.04476       3.45720   9.38260      0.58263E+00
   4.15469   6.76971    4.94463  10.11974       5.27320  14.36814      0.36969E+00
   7.37842  11.14072    7.51756  15.17206       7.86810  23.07711      0.23683E+00
  13.13114  18.44057   17.64416  27.82114      16.31608  40.52965      0.18085E+00
