
p=2 dp =1

ONLY u

  ref      nrdof   nrdof_con       error        error^2       rate
   1  |      134 |       26 |  0.27204E+00  | 0.74004E-01 |   0.00
   2  |     1029 |      165 |  0.85009E-01  | 0.72265E-02 |  -0.57
   3  |     8153 |     1241 |  0.24228E-01  | 0.58698E-03 |  -0.61
   4  |    65073 |     9777 |  0.63784E-02  | 0.40684E-04 |  -0.64
   5  |   520289 |    77921 |  0.16377E-02  | 0.26821E-05 |  -0.65

only p

   1  |      134 |       26 |  0.15179E+00  | 0.23040E-01 |   0.00
   2  |     1029 |      165 |  0.22995E-01  | 0.52876E-03 |  -0.93
   3  |     8153 |     1241 |  0.31468E-02  | 0.99021E-05 |  -0.96
   4  |    65073 |     9777 |  0.40784E-03  | 0.16634E-06 |  -0.98
   5  |   520289 |    77921 |  0.51728E-04  | 0.26758E-08 |  -0.99

ALL

   1  |      134 |       26 |  0.31152E+00  | 0.97044E-01 |   0.00
   2  |     1029 |      165 |  0.88064E-01  | 0.77552E-02 |  -0.62
   3  |     8153 |     1241 |  0.24431E-01  | 0.59688E-03 |  -0.62
   4  |    65073 |     9777 |  0.63915E-02  | 0.40851E-04 |  -0.65
   5  |   520289 |    77921 |  0.16385E-02  | 0.26848E-05 |  -0.65


p=4 dp =1 

ONLY P
   ref     nrdof   nrdof_con     residual      rate     error          rel error       rate
   1  |      598 |       98 |  0.21859E-01  |   0.00 |  0.48600E-02 |  0.48600E-02  |   0.00
   2  |     4705 |      705 |  0.32296E-02  |  -0.93 |  0.16627E-03 |  0.16627E-03  |  -1.64
   3  |    37489 |     5489 |  0.25531E-03  |  -1.22 |  0.54107E-05 |  0.54107E-05  |  -1.65
   4  |   299617 |    43617 |  0.17293E-04  |  -1.30 |  0.17179E-06 |  0.17179E-06  |  -1.66
   5  |  2396353 |   348353 |  0.11155E-05  |  -1.32 |  0.53998E-08 |  0.53998E-08  |  -1.66


