 0.57619E-03,-0.14405E-03,-0.14405E-03, 0.10023E-02, 0.20451E-02, 0.00000E+00,
-0.20045E-03, 0.80181E-03,-0.20045E-03, 0.72023E-03, 0.00000E+00, 0.20451E-02,
-0.40903E-03,-0.40903E-03, 0.16361E-02, 0.00000E+00, 0.72023E-03, 0.10023E-02,
-0.38077E-03, 0.95191E-04, 0.95191E-04,-0.15755E-02,-0.14795E-02, 0.00000E+00,
 0.31510E-03,-0.12604E-02, 0.31510E-03,-0.47596E-03, 0.00000E+00,-0.14795E-02,
 0.29590E-03, 0.29590E-03,-0.11836E-02, 0.00000E+00,-0.47596E-03,-0.15755E-02,
-0.83694E-03, 0.20923E-03, 0.20923E-03,-0.13330E-02,-0.17324E-02, 0.00000E+00,
 0.26660E-03,-0.10664E-02, 0.26660E-03,-0.10462E-02, 0.00000E+00,-0.17324E-02,
 0.34649E-03, 0.34649E-03,-0.13860E-02, 0.00000E+00,-0.10462E-02,-0.13330E-02,
 0.10986E-03,-0.27464E-04,-0.27464E-04,-0.23997E-02, 0.32284E-03, 0.00000E+00,
 0.47994E-03,-0.19197E-02, 0.47994E-03, 0.13732E-03, 0.00000E+00, 0.32284E-03,
-0.64568E-04,-0.64568E-04, 0.25827E-03, 0.00000E+00, 0.13732E-03,-0.23997E-02,
 0.21741E-03,-0.54353E-04,-0.54353E-04, 0.21480E-02, 0.49475E-03, 0.00000E+00,
-0.42960E-03, 0.17184E-02,-0.42960E-03, 0.27176E-03, 0.00000E+00, 0.49475E-03,
-0.98949E-04,-0.98949E-04, 0.39580E-03, 0.00000E+00, 0.27176E-03, 0.21480E-02,
 0.34763E-03,-0.86908E-04,-0.86908E-04, 0.23297E-02, 0.43525E-04, 0.00000E+00,
-0.46594E-03, 0.18638E-02,-0.46594E-03, 0.43454E-03, 0.00000E+00, 0.43525E-04,
-0.87051E-05,-0.87051E-05, 0.34820E-04, 0.00000E+00, 0.43454E-03, 0.23297E-02,
 0.16877E-03,-0.42193E-04,-0.42193E-04, 0.47846E-03, 0.24306E-03, 0.00000E+00,
-0.95691E-04, 0.38277E-03,-0.95691E-04, 0.21096E-03, 0.00000E+00, 0.24306E-03,
-0.48612E-04,-0.48612E-04, 0.19445E-03, 0.00000E+00, 0.21096E-03, 0.47846E-03,
 0.72808E-04,-0.18202E-04,-0.18202E-04, 0.19704E-04, 0.46556E-03, 0.00000E+00,
-0.39407E-05, 0.15763E-04,-0.39407E-05, 0.91010E-04, 0.00000E+00, 0.46556E-03,
-0.93111E-04,-0.93111E-04, 0.37244E-03, 0.00000E+00, 0.91010E-04, 0.19704E-04,
-0.19508E-03, 0.48770E-04, 0.48770E-04, 0.18685E-03,-0.25098E-04, 0.00000E+00,
-0.37370E-04, 0.14948E-03,-0.37370E-04,-0.24385E-03, 0.00000E+00,-0.25098E-04,
 0.50195E-05, 0.50195E-05,-0.20078E-04, 0.00000E+00,-0.24385E-03, 0.18685E-03,
 0.16767E-02,-0.41916E-03,-0.41916E-03, 0.90088E-03,-0.34269E-03, 0.00000E+00,
-0.18018E-03, 0.72070E-03,-0.18018E-03, 0.20958E-02, 0.00000E+00,-0.34269E-03,
 0.68537E-04, 0.68537E-04,-0.27415E-03, 0.00000E+00, 0.20958E-02, 0.90088E-03,
-0.15275E-02, 0.38187E-03, 0.38187E-03,-0.11555E-02,-0.50395E-03, 0.00000E+00,
 0.23109E-03,-0.92437E-03, 0.23109E-03,-0.19093E-02, 0.00000E+00,-0.50395E-03,
 0.10079E-03, 0.10079E-03,-0.40316E-03, 0.00000E+00,-0.19093E-02,-0.11555E-02,
-0.13450E-02, 0.33625E-03, 0.33625E-03,-0.13864E-02,-0.86865E-05, 0.00000E+00,
 0.27729E-03,-0.11091E-02, 0.27729E-03,-0.16812E-02, 0.00000E+00,-0.86865E-05,
 0.17373E-05, 0.17373E-05,-0.69492E-05, 0.00000E+00,-0.16812E-02,-0.13864E-02,
-0.38675E-04, 0.96687E-05, 0.96687E-05,-0.54933E-04,-0.28722E-05, 0.00000E+00,
 0.10987E-04,-0.43946E-04, 0.10987E-04,-0.48344E-04, 0.00000E+00,-0.28722E-05,
 0.57444E-06, 0.57444E-06,-0.22978E-05, 0.00000E+00,-0.48344E-04,-0.54933E-04,
-0.12296E-03, 0.30741E-04, 0.30741E-04,-0.16060E-03,-0.63337E-04, 0.00000E+00,
 0.32120E-04,-0.12848E-03, 0.32120E-04,-0.15370E-03, 0.00000E+00,-0.63337E-04,
 0.12667E-04, 0.12667E-04,-0.50669E-04, 0.00000E+00,-0.15370E-03,-0.16060E-03,
-0.10191E-03, 0.25476E-04, 0.25476E-04,-0.55960E-04,-0.41448E-04, 0.00000E+00,
 0.11192E-04,-0.44768E-04, 0.11192E-04,-0.12738E-03, 0.00000E+00,-0.41448E-04,
 0.82896E-05, 0.82896E-05,-0.33158E-04, 0.00000E+00,-0.12738E-03,-0.55960E-04,
-0.27064E-01, 0.00000E+00, 0.00000E+00,-0.47495E-01,-0.22790E-01, 0.00000E+00,
 0.00000E+00,-0.47495E-01, 0.00000E+00,-0.27064E-01, 0.00000E+00,-0.22790E-01,
 0.00000E+00, 0.00000E+00,-0.22790E-01, 0.00000E+00,-0.27064E-01,-0.47495E-01,
 0.59579E-01, 0.00000E+00, 0.00000E+00, 0.12178E-02,-0.20235E-01, 0.00000E+00,
 0.00000E+00, 0.12178E-02, 0.00000E+00, 0.59579E-01, 0.00000E+00,-0.20235E-01,
 0.00000E+00, 0.00000E+00,-0.20235E-01, 0.00000E+00, 0.59579E-01, 0.12178E-02,
-0.31763E-01, 0.00000E+00, 0.00000E+00, 0.47596E-01,-0.16341E-01, 0.00000E+00,
 0.00000E+00, 0.47596E-01, 0.00000E+00,-0.31763E-01, 0.00000E+00,-0.16341E-01,
 0.00000E+00, 0.00000E+00,-0.16341E-01, 0.00000E+00,-0.31763E-01, 0.47596E-01,
-0.75178E-03, 0.00000E+00, 0.00000E+00,-0.13193E-02, 0.59366E-01, 0.00000E+00,
 0.00000E+00,-0.13193E-02, 0.00000E+00,-0.75178E-03, 0.00000E+00, 0.59366E-01,
 0.00000E+00, 0.00000E+00, 0.59366E-01, 0.00000E+00,-0.75178E-03,-0.13193E-02,
-0.43916E-01, 0.00000E+00, 0.00000E+00, 0.11562E-02, 0.16314E-01, 0.00000E+00,
 0.00000E+00, 0.11562E-02, 0.00000E+00,-0.43916E-01, 0.00000E+00, 0.16314E-01,
 0.00000E+00, 0.00000E+00, 0.16314E-01, 0.00000E+00,-0.43916E-01, 0.11562E-02,
-0.38568E-02, 0.00000E+00, 0.00000E+00,-0.21897E-02, 0.24969E-02, 0.00000E+00,
 0.00000E+00,-0.21897E-02, 0.00000E+00,-0.38568E-02, 0.00000E+00, 0.24969E-02,
 0.00000E+00, 0.00000E+00, 0.24969E-02, 0.00000E+00,-0.38568E-02,-0.21897E-02,
 0.26427E-01, 0.00000E+00, 0.00000E+00,-0.31847E-01, 0.14377E-01, 0.00000E+00,
 0.00000E+00,-0.31847E-01, 0.00000E+00, 0.26427E-01, 0.00000E+00, 0.14377E-01,
 0.00000E+00, 0.00000E+00, 0.14377E-01, 0.00000E+00, 0.26427E-01,-0.31847E-01,
 0.35786E-02, 0.00000E+00, 0.00000E+00, 0.62801E-02,-0.42405E-01, 0.00000E+00,
 0.00000E+00, 0.62801E-02, 0.00000E+00, 0.35786E-02, 0.00000E+00,-0.42405E-01,
 0.00000E+00, 0.00000E+00,-0.42405E-01, 0.00000E+00, 0.35786E-02, 0.62801E-02,
-0.65922E-02, 0.00000E+00, 0.00000E+00,-0.77696E-04,-0.34740E-03, 0.00000E+00,
 0.00000E+00,-0.77696E-04, 0.00000E+00,-0.65922E-02, 0.00000E+00,-0.34740E-03,
 0.00000E+00, 0.00000E+00,-0.34740E-03, 0.00000E+00,-0.65922E-02,-0.77696E-04,
 0.35982E-02, 0.00000E+00, 0.00000E+00,-0.51765E-02,-0.34107E-02, 0.00000E+00,
 0.00000E+00,-0.51765E-02, 0.00000E+00, 0.35982E-02, 0.00000E+00,-0.34107E-02,
 0.00000E+00, 0.00000E+00,-0.34107E-02, 0.00000E+00, 0.35982E-02,-0.51765E-02,
 0.00000E+00,-0.40903E-02, 0.20045E-02,
 0.40903E-02, 0.00000E+00,-0.14405E-02,
-0.20045E-02, 0.14405E-02, 0.00000E+00,
 0.00000E+00, 0.29590E-02,-0.31510E-02,
-0.29590E-02, 0.00000E+00, 0.95191E-03,
 0.31510E-02,-0.95191E-03, 0.00000E+00,
 0.00000E+00, 0.34649E-02,-0.26660E-02,
-0.34649E-02, 0.00000E+00, 0.20923E-02,
 0.26660E-02,-0.20923E-02, 0.00000E+00,
 0.00000E+00,-0.64568E-03,-0.47994E-02,
 0.64568E-03, 0.00000E+00,-0.27464E-03,
 0.47994E-02, 0.27464E-03, 0.00000E+00,
 0.00000E+00,-0.98949E-03, 0.42960E-02,
 0.98949E-03, 0.00000E+00,-0.54353E-03,
-0.42960E-02, 0.54353E-03, 0.00000E+00,
 0.00000E+00,-0.87051E-04, 0.46594E-02,
 0.87051E-04, 0.00000E+00,-0.86908E-03,
-0.46594E-02, 0.86908E-03, 0.00000E+00,
 0.00000E+00,-0.48612E-03, 0.95691E-03,
 0.48612E-03, 0.00000E+00,-0.42193E-03,
-0.95691E-03, 0.42193E-03, 0.00000E+00,
 0.00000E+00,-0.93111E-03, 0.39407E-04,
 0.93111E-03, 0.00000E+00,-0.18202E-03,
-0.39407E-04, 0.18202E-03, 0.00000E+00,
 0.00000E+00, 0.50195E-04, 0.37370E-03,
-0.50195E-04, 0.00000E+00, 0.48770E-03,
-0.37370E-03,-0.48770E-03, 0.00000E+00,
 0.00000E+00, 0.68537E-03, 0.18018E-02,
-0.68537E-03, 0.00000E+00,-0.41916E-02,
-0.18018E-02, 0.41916E-02, 0.00000E+00,
 0.00000E+00, 0.10079E-02,-0.23109E-02,
-0.10079E-02, 0.00000E+00, 0.38187E-02,
 0.23109E-02,-0.38187E-02, 0.00000E+00,
 0.00000E+00, 0.17373E-04,-0.27729E-02,
-0.17373E-04, 0.00000E+00, 0.33625E-02,
 0.27729E-02,-0.33625E-02, 0.00000E+00,
 0.00000E+00, 0.57444E-05,-0.10987E-03,
-0.57444E-05, 0.00000E+00, 0.96687E-04,
 0.10987E-03,-0.96687E-04, 0.00000E+00,
 0.00000E+00, 0.12667E-03,-0.32120E-03,
-0.12667E-03, 0.00000E+00, 0.30741E-03,
 0.32120E-03,-0.30741E-03, 0.00000E+00,
 0.00000E+00, 0.82896E-04,-0.11192E-03,
-0.82896E-04, 0.00000E+00, 0.25476E-03,
 0.11192E-03,-0.25476E-03, 0.00000E+00,
 0.00000E+00, 0.00000E+00, 0.00000E+00,
 0.00000E+00, 0.00000E+00, 0.00000E+00,
 0.00000E+00, 0.00000E+00, 0.00000E+00,
 0.00000E+00, 0.00000E+00, 0.00000E+00,
 0.00000E+00, 0.00000E+00, 0.00000E+00,
 0.00000E+00, 0.00000E+00, 0.00000E+00,
 0.00000E+00, 0.00000E+00, 0.00000E+00,
 0.00000E+00, 0.00000E+00, 0.00000E+00,
 0.00000E+00, 0.00000E+00, 0.00000E+00,
 0.00000E+00, 0.00000E+00, 0.00000E+00,
 0.00000E+00, 0.00000E+00, 0.00000E+00,
 0.00000E+00, 0.00000E+00, 0.00000E+00,
 0.00000E+00, 0.00000E+00, 0.00000E+00,
 0.00000E+00, 0.00000E+00, 0.00000E+00,
 0.00000E+00, 0.00000E+00, 0.00000E+00,
 0.00000E+00, 0.00000E+00, 0.00000E+00,
 0.00000E+00, 0.00000E+00, 0.00000E+00,
 0.00000E+00, 0.00000E+00, 0.00000E+00,
 0.00000E+00, 0.00000E+00, 0.00000E+00,
 0.00000E+00, 0.00000E+00, 0.00000E+00,
 0.00000E+00, 0.00000E+00, 0.00000E+00,
 0.00000E+00, 0.00000E+00, 0.00000E+00,
 0.00000E+00, 0.00000E+00, 0.00000E+00,
 0.00000E+00, 0.00000E+00, 0.00000E+00,
 0.00000E+00, 0.00000E+00, 0.00000E+00,
 0.00000E+00, 0.00000E+00, 0.00000E+00,
 0.00000E+00, 0.00000E+00, 0.00000E+00,
 0.00000E+00, 0.00000E+00, 0.00000E+00,
 0.00000E+00, 0.00000E+00, 0.00000E+00,
 0.00000E+00, 0.00000E+00, 0.00000E+00,
-0.31081E-62, 0.00000E+00, 0.00000E+00,-0.55503E-61, 0.00000E+00, 0.00000E+00,-0.28774E-60, 0.00000E+00, 0.00000E+00, 0.13825E-61, 0.00000E+00, 0.00000E+00, 0.88300E-60, 0.00000E+00, 0.00000E+00,-0.30084E-60, 0.00000E+00, 0.00000E+00, 0.11587E-59, 0.00000E+00, 0.00000E+00,-0.25348E-61, 0.00000E+00, 0.00000E+00, 0.23540E-60, 0.00000E+00, 0.00000E+00,
 0.00000E+00,-0.31081E-62, 0.00000E+00, 0.00000E+00,-0.55503E-61, 0.00000E+00, 0.00000E+00,-0.28774E-60, 0.00000E+00, 0.00000E+00, 0.13825E-61, 0.00000E+00, 0.00000E+00, 0.88300E-60, 0.00000E+00, 0.00000E+00,-0.30084E-60, 0.00000E+00, 0.00000E+00, 0.11587E-59, 0.00000E+00, 0.00000E+00,-0.25348E-61, 0.00000E+00, 0.00000E+00, 0.23540E-60, 0.00000E+00,
 0.00000E+00, 0.00000E+00,-0.31081E-62, 0.00000E+00, 0.00000E+00,-0.55503E-61, 0.00000E+00, 0.00000E+00,-0.28774E-60, 0.00000E+00, 0.00000E+00, 0.13825E-61, 0.00000E+00, 0.00000E+00, 0.88300E-60, 0.00000E+00, 0.00000E+00,-0.30084E-60, 0.00000E+00, 0.00000E+00, 0.11587E-59, 0.00000E+00, 0.00000E+00,-0.25348E-61, 0.00000E+00, 0.00000E+00, 0.23540E-60,
 0.29261E-62, 0.00000E+00, 0.00000E+00,-0.90401E-61, 0.00000E+00, 0.00000E+00, 0.86792E-60, 0.00000E+00, 0.00000E+00,-0.15659E-61, 0.00000E+00, 0.00000E+00,-0.53211E-60, 0.00000E+00, 0.00000E+00, 0.31993E-60, 0.00000E+00, 0.00000E+00,-0.22991E-59, 0.00000E+00, 0.00000E+00, 0.43659E-61, 0.00000E+00, 0.00000E+00,-0.49149E-60, 0.00000E+00, 0.00000E+00,
 0.00000E+00, 0.29261E-62, 0.00000E+00, 0.00000E+00,-0.90401E-61, 0.00000E+00, 0.00000E+00, 0.86792E-60, 0.00000E+00, 0.00000E+00,-0.15659E-61, 0.00000E+00, 0.00000E+00,-0.53211E-60, 0.00000E+00, 0.00000E+00, 0.31993E-60, 0.00000E+00, 0.00000E+00,-0.22991E-59, 0.00000E+00, 0.00000E+00, 0.43659E-61, 0.00000E+00, 0.00000E+00,-0.49149E-60, 0.00000E+00,
 0.00000E+00, 0.00000E+00, 0.29261E-62, 0.00000E+00, 0.00000E+00,-0.90401E-61, 0.00000E+00, 0.00000E+00, 0.86792E-60, 0.00000E+00, 0.00000E+00,-0.15659E-61, 0.00000E+00, 0.00000E+00,-0.53211E-60, 0.00000E+00, 0.00000E+00, 0.31993E-60, 0.00000E+00, 0.00000E+00,-0.22991E-59, 0.00000E+00, 0.00000E+00, 0.43659E-61, 0.00000E+00, 0.00000E+00,-0.49149E-60,
-0.13244E-62, 0.00000E+00, 0.00000E+00,-0.11944E-60, 0.00000E+00, 0.00000E+00, 0.31697E-60, 0.00000E+00, 0.00000E+00, 0.75952E-63, 0.00000E+00, 0.00000E+00,-0.19867E-59, 0.00000E+00, 0.00000E+00, 0.15569E-60, 0.00000E+00, 0.00000E+00,-0.32077E-59, 0.00000E+00, 0.00000E+00, 0.51024E-61, 0.00000E+00, 0.00000E+00,-0.57489E-60, 0.00000E+00, 0.00000E+00,
 0.00000E+00,-0.13244E-62, 0.00000E+00, 0.00000E+00,-0.11944E-60, 0.00000E+00, 0.00000E+00, 0.31697E-60, 0.00000E+00, 0.00000E+00, 0.75952E-63, 0.00000E+00, 0.00000E+00,-0.19867E-59, 0.00000E+00, 0.00000E+00, 0.15569E-60, 0.00000E+00, 0.00000E+00,-0.32077E-59, 0.00000E+00, 0.00000E+00, 0.51024E-61, 0.00000E+00, 0.00000E+00,-0.57489E-60, 0.00000E+00,
 0.00000E+00, 0.00000E+00,-0.13244E-62, 0.00000E+00, 0.00000E+00,-0.11944E-60, 0.00000E+00, 0.00000E+00, 0.31697E-60, 0.00000E+00, 0.00000E+00, 0.75952E-63, 0.00000E+00, 0.00000E+00,-0.19867E-59, 0.00000E+00, 0.00000E+00, 0.15569E-60, 0.00000E+00, 0.00000E+00,-0.32077E-59, 0.00000E+00, 0.00000E+00, 0.51024E-61, 0.00000E+00, 0.00000E+00,-0.57489E-60,
 0.89715E-62, 0.00000E+00, 0.00000E+00,-0.34536E-61, 0.00000E+00, 0.00000E+00, 0.41329E-60, 0.00000E+00, 0.00000E+00, 0.24926E-61, 0.00000E+00, 0.00000E+00,-0.54660E-60, 0.00000E+00, 0.00000E+00,-0.97576E-62, 0.00000E+00, 0.00000E+00,-0.16375E-59, 0.00000E+00, 0.00000E+00, 0.14676E-61, 0.00000E+00, 0.00000E+00,-0.13456E-61, 0.00000E+00, 0.00000E+00,
 0.00000E+00, 0.89715E-62, 0.00000E+00, 0.00000E+00,-0.34536E-61, 0.00000E+00, 0.00000E+00, 0.41329E-60, 0.00000E+00, 0.00000E+00, 0.24926E-61, 0.00000E+00, 0.00000E+00,-0.54660E-60, 0.00000E+00, 0.00000E+00,-0.97576E-62, 0.00000E+00, 0.00000E+00,-0.16375E-59, 0.00000E+00, 0.00000E+00, 0.14676E-61, 0.00000E+00, 0.00000E+00,-0.13456E-61, 0.00000E+00,
 0.00000E+00, 0.00000E+00, 0.89715E-62, 0.00000E+00, 0.00000E+00,-0.34536E-61, 0.00000E+00, 0.00000E+00, 0.41329E-60, 0.00000E+00, 0.00000E+00, 0.24926E-61, 0.00000E+00, 0.00000E+00,-0.54660E-60, 0.00000E+00, 0.00000E+00,-0.97576E-62, 0.00000E+00, 0.00000E+00,-0.16375E-59, 0.00000E+00, 0.00000E+00, 0.14676E-61, 0.00000E+00, 0.00000E+00,-0.13456E-61,
-0.58961E-62, 0.00000E+00, 0.00000E+00, 0.95875E-61, 0.00000E+00, 0.00000E+00,-0.99477E-60, 0.00000E+00, 0.00000E+00, 0.16559E-61, 0.00000E+00, 0.00000E+00,-0.81144E-60, 0.00000E+00, 0.00000E+00,-0.19646E-60, 0.00000E+00, 0.00000E+00, 0.28591E-59, 0.00000E+00, 0.00000E+00,-0.43715E-61, 0.00000E+00, 0.00000E+00, 0.26686E-61, 0.00000E+00, 0.00000E+00,
 0.00000E+00,-0.58961E-62, 0.00000E+00, 0.00000E+00, 0.95875E-61, 0.00000E+00, 0.00000E+00,-0.99477E-60, 0.00000E+00, 0.00000E+00, 0.16559E-61, 0.00000E+00, 0.00000E+00,-0.81144E-60, 0.00000E+00, 0.00000E+00,-0.19646E-60, 0.00000E+00, 0.00000E+00, 0.28591E-59, 0.00000E+00, 0.00000E+00,-0.43715E-61, 0.00000E+00, 0.00000E+00, 0.26686E-61, 0.00000E+00,
 0.00000E+00, 0.00000E+00,-0.58961E-62, 0.00000E+00, 0.00000E+00, 0.95875E-61, 0.00000E+00, 0.00000E+00,-0.99477E-60, 0.00000E+00, 0.00000E+00, 0.16559E-61, 0.00000E+00, 0.00000E+00,-0.81144E-60, 0.00000E+00, 0.00000E+00,-0.19646E-60, 0.00000E+00, 0.00000E+00, 0.28591E-59, 0.00000E+00, 0.00000E+00,-0.43715E-61, 0.00000E+00, 0.00000E+00, 0.26686E-61,
 0.34169E-62, 0.00000E+00, 0.00000E+00, 0.86952E-61, 0.00000E+00, 0.00000E+00,-0.45499E-60, 0.00000E+00, 0.00000E+00, 0.97097E-63, 0.00000E+00, 0.00000E+00, 0.12419E-59, 0.00000E+00, 0.00000E+00,-0.91230E-61, 0.00000E+00, 0.00000E+00, 0.44508E-59, 0.00000E+00, 0.00000E+00,-0.29594E-61, 0.00000E+00, 0.00000E+00, 0.28358E-61, 0.00000E+00, 0.00000E+00,
 0.00000E+00, 0.34169E-62, 0.00000E+00, 0.00000E+00, 0.86952E-61, 0.00000E+00, 0.00000E+00,-0.45499E-60, 0.00000E+00, 0.00000E+00, 0.97097E-63, 0.00000E+00, 0.00000E+00, 0.12419E-59, 0.00000E+00, 0.00000E+00,-0.91230E-61, 0.00000E+00, 0.00000E+00, 0.44508E-59, 0.00000E+00, 0.00000E+00,-0.29594E-61, 0.00000E+00, 0.00000E+00, 0.28358E-61, 0.00000E+00,
 0.00000E+00, 0.00000E+00, 0.34169E-62, 0.00000E+00, 0.00000E+00, 0.86952E-61, 0.00000E+00, 0.00000E+00,-0.45499E-60, 0.00000E+00, 0.00000E+00, 0.97097E-63, 0.00000E+00, 0.00000E+00, 0.12419E-59, 0.00000E+00, 0.00000E+00,-0.91230E-61, 0.00000E+00, 0.00000E+00, 0.44508E-59, 0.00000E+00, 0.00000E+00,-0.29594E-61, 0.00000E+00, 0.00000E+00, 0.28358E-61,
 0.99321E-62, 0.00000E+00, 0.00000E+00, 0.15630E-60, 0.00000E+00, 0.00000E+00, 0.14717E-60, 0.00000E+00, 0.00000E+00, 0.22301E-61, 0.00000E+00, 0.00000E+00,-0.49149E-60, 0.00000E+00, 0.00000E+00, 0.11281E-61, 0.00000E+00, 0.00000E+00,-0.62257E-60, 0.00000E+00, 0.00000E+00, 0.12928E-61, 0.00000E+00, 0.00000E+00,-0.28490E-61, 0.00000E+00, 0.00000E+00,
 0.00000E+00, 0.99321E-62, 0.00000E+00, 0.00000E+00, 0.15630E-60, 0.00000E+00, 0.00000E+00, 0.14717E-60, 0.00000E+00, 0.00000E+00, 0.22301E-61, 0.00000E+00, 0.00000E+00,-0.49149E-60, 0.00000E+00, 0.00000E+00, 0.11281E-61, 0.00000E+00, 0.00000E+00,-0.62257E-60, 0.00000E+00, 0.00000E+00, 0.12928E-61, 0.00000E+00, 0.00000E+00,-0.28490E-61, 0.00000E+00,
 0.00000E+00, 0.00000E+00, 0.99321E-62, 0.00000E+00, 0.00000E+00, 0.15630E-60, 0.00000E+00, 0.00000E+00, 0.14717E-60, 0.00000E+00, 0.00000E+00, 0.22301E-61, 0.00000E+00, 0.00000E+00,-0.49149E-60, 0.00000E+00, 0.00000E+00, 0.11281E-61, 0.00000E+00, 0.00000E+00,-0.62257E-60, 0.00000E+00, 0.00000E+00, 0.12928E-61, 0.00000E+00, 0.00000E+00,-0.28490E-61,
-0.46114E-62, 0.00000E+00, 0.00000E+00, 0.73393E-62, 0.00000E+00, 0.00000E+00,-0.49398E-61, 0.00000E+00, 0.00000E+00, 0.26083E-61, 0.00000E+00, 0.00000E+00,-0.14069E-59, 0.00000E+00, 0.00000E+00,-0.83861E-61, 0.00000E+00, 0.00000E+00,-0.50087E-60, 0.00000E+00, 0.00000E+00,-0.14186E-61, 0.00000E+00, 0.00000E+00,-0.87241E-62, 0.00000E+00, 0.00000E+00,
 0.00000E+00,-0.46114E-62, 0.00000E+00, 0.00000E+00, 0.73393E-62, 0.00000E+00, 0.00000E+00,-0.49398E-61, 0.00000E+00, 0.00000E+00, 0.26083E-61, 0.00000E+00, 0.00000E+00,-0.14069E-59, 0.00000E+00, 0.00000E+00,-0.83861E-61, 0.00000E+00, 0.00000E+00,-0.50087E-60, 0.00000E+00, 0.00000E+00,-0.14186E-61, 0.00000E+00, 0.00000E+00,-0.87241E-62, 0.00000E+00,
 0.00000E+00, 0.00000E+00,-0.46114E-62, 0.00000E+00, 0.00000E+00, 0.73393E-62, 0.00000E+00, 0.00000E+00,-0.49398E-61, 0.00000E+00, 0.00000E+00, 0.26083E-61, 0.00000E+00, 0.00000E+00,-0.14069E-59, 0.00000E+00, 0.00000E+00,-0.83861E-61, 0.00000E+00, 0.00000E+00,-0.50087E-60, 0.00000E+00, 0.00000E+00,-0.14186E-61, 0.00000E+00, 0.00000E+00,-0.87241E-62,
-0.57929E-62, 0.00000E+00, 0.00000E+00, 0.13982E-61, 0.00000E+00, 0.00000E+00,-0.14065E-60, 0.00000E+00, 0.00000E+00,-0.12088E-61, 0.00000E+00, 0.00000E+00,-0.49331E-60, 0.00000E+00, 0.00000E+00,-0.34738E-61, 0.00000E+00, 0.00000E+00,-0.27713E-60, 0.00000E+00, 0.00000E+00, 0.17790E-62, 0.00000E+00, 0.00000E+00,-0.14517E-62, 0.00000E+00, 0.00000E+00,
 0.00000E+00,-0.57929E-62, 0.00000E+00, 0.00000E+00, 0.13982E-61, 0.00000E+00, 0.00000E+00,-0.14065E-60, 0.00000E+00, 0.00000E+00,-0.12088E-61, 0.00000E+00, 0.00000E+00,-0.49331E-60, 0.00000E+00, 0.00000E+00,-0.34738E-61, 0.00000E+00, 0.00000E+00,-0.27713E-60, 0.00000E+00, 0.00000E+00, 0.17790E-62, 0.00000E+00, 0.00000E+00,-0.14517E-62, 0.00000E+00,
 0.00000E+00, 0.00000E+00,-0.57929E-62, 0.00000E+00, 0.00000E+00, 0.13982E-61, 0.00000E+00, 0.00000E+00,-0.14065E-60, 0.00000E+00, 0.00000E+00,-0.12088E-61, 0.00000E+00, 0.00000E+00,-0.49331E-60, 0.00000E+00, 0.00000E+00,-0.34738E-61, 0.00000E+00, 0.00000E+00,-0.27713E-60, 0.00000E+00, 0.00000E+00, 0.17790E-62, 0.00000E+00, 0.00000E+00,-0.14517E-62,
 0.55529E-62, 0.00000E+00, 0.00000E+00,-0.68923E-61, 0.00000E+00, 0.00000E+00,-0.26902E-60, 0.00000E+00, 0.00000E+00,-0.25528E-61, 0.00000E+00, 0.00000E+00, 0.13799E-59, 0.00000E+00, 0.00000E+00, 0.14587E-61, 0.00000E+00, 0.00000E+00, 0.10873E-59, 0.00000E+00, 0.00000E+00,-0.41111E-61, 0.00000E+00, 0.00000E+00, 0.10005E-61, 0.00000E+00, 0.00000E+00,
 0.00000E+00, 0.55529E-62, 0.00000E+00, 0.00000E+00,-0.68923E-61, 0.00000E+00, 0.00000E+00,-0.26902E-60, 0.00000E+00, 0.00000E+00,-0.25528E-61, 0.00000E+00, 0.00000E+00, 0.13799E-59, 0.00000E+00, 0.00000E+00, 0.14587E-61, 0.00000E+00, 0.00000E+00, 0.10873E-59, 0.00000E+00, 0.00000E+00,-0.41111E-61, 0.00000E+00, 0.00000E+00, 0.10005E-61, 0.00000E+00,
 0.00000E+00, 0.00000E+00, 0.55529E-62, 0.00000E+00, 0.00000E+00,-0.68923E-61, 0.00000E+00, 0.00000E+00,-0.26902E-60, 0.00000E+00, 0.00000E+00,-0.25528E-61, 0.00000E+00, 0.00000E+00, 0.13799E-59, 0.00000E+00, 0.00000E+00, 0.14587E-61, 0.00000E+00, 0.00000E+00, 0.10873E-59, 0.00000E+00, 0.00000E+00,-0.41111E-61, 0.00000E+00, 0.00000E+00, 0.10005E-61,
-0.28920E-62, 0.00000E+00, 0.00000E+00,-0.15065E-60, 0.00000E+00, 0.00000E+00, 0.38905E-60, 0.00000E+00, 0.00000E+00,-0.30853E-61, 0.00000E+00, 0.00000E+00, 0.25774E-60, 0.00000E+00, 0.00000E+00, 0.16188E-60, 0.00000E+00, 0.00000E+00,-0.23025E-59, 0.00000E+00, 0.00000E+00, 0.12882E-60, 0.00000E+00, 0.00000E+00,-0.17996E-61, 0.00000E+00, 0.00000E+00,
 0.00000E+00,-0.28920E-62, 0.00000E+00, 0.00000E+00,-0.15065E-60, 0.00000E+00, 0.00000E+00, 0.38905E-60, 0.00000E+00, 0.00000E+00,-0.30853E-61, 0.00000E+00, 0.00000E+00, 0.25774E-60, 0.00000E+00, 0.00000E+00, 0.16188E-60, 0.00000E+00, 0.00000E+00,-0.23025E-59, 0.00000E+00, 0.00000E+00, 0.12882E-60, 0.00000E+00, 0.00000E+00,-0.17996E-61, 0.00000E+00,
 0.00000E+00, 0.00000E+00,-0.28920E-62, 0.00000E+00, 0.00000E+00,-0.15065E-60, 0.00000E+00, 0.00000E+00, 0.38905E-60, 0.00000E+00, 0.00000E+00,-0.30853E-61, 0.00000E+00, 0.00000E+00, 0.25774E-60, 0.00000E+00, 0.00000E+00, 0.16188E-60, 0.00000E+00, 0.00000E+00,-0.23025E-59, 0.00000E+00, 0.00000E+00, 0.12882E-60, 0.00000E+00, 0.00000E+00,-0.17996E-61,
-0.76327E-63, 0.00000E+00, 0.00000E+00,-0.11355E-60, 0.00000E+00, 0.00000E+00, 0.55392E-60, 0.00000E+00, 0.00000E+00, 0.12904E-61, 0.00000E+00, 0.00000E+00,-0.20626E-59, 0.00000E+00, 0.00000E+00, 0.12073E-60, 0.00000E+00, 0.00000E+00,-0.25917E-59, 0.00000E+00, 0.00000E+00, 0.76581E-61, 0.00000E+00, 0.00000E+00,-0.22004E-61, 0.00000E+00, 0.00000E+00,
 0.00000E+00,-0.76327E-63, 0.00000E+00, 0.00000E+00,-0.11355E-60, 0.00000E+00, 0.00000E+00, 0.55392E-60, 0.00000E+00, 0.00000E+00, 0.12904E-61, 0.00000E+00, 0.00000E+00,-0.20626E-59, 0.00000E+00, 0.00000E+00, 0.12073E-60, 0.00000E+00, 0.00000E+00,-0.25917E-59, 0.00000E+00, 0.00000E+00, 0.76581E-61, 0.00000E+00, 0.00000E+00,-0.22004E-61, 0.00000E+00,
 0.00000E+00, 0.00000E+00,-0.76327E-63, 0.00000E+00, 0.00000E+00,-0.11355E-60, 0.00000E+00, 0.00000E+00, 0.55392E-60, 0.00000E+00, 0.00000E+00, 0.12904E-61, 0.00000E+00, 0.00000E+00,-0.20626E-59, 0.00000E+00, 0.00000E+00, 0.12073E-60, 0.00000E+00, 0.00000E+00,-0.25917E-59, 0.00000E+00, 0.00000E+00, 0.76581E-61, 0.00000E+00, 0.00000E+00,-0.22004E-61,
-0.64511E-63, 0.00000E+00, 0.00000E+00,-0.52904E-61, 0.00000E+00, 0.00000E+00, 0.78979E-61, 0.00000E+00, 0.00000E+00, 0.86739E-62, 0.00000E+00, 0.00000E+00, 0.66280E-60, 0.00000E+00, 0.00000E+00, 0.56655E-61, 0.00000E+00, 0.00000E+00,-0.17289E-60, 0.00000E+00, 0.00000E+00, 0.16558E-61, 0.00000E+00, 0.00000E+00,-0.47590E-61, 0.00000E+00, 0.00000E+00,
 0.00000E+00,-0.64511E-63, 0.00000E+00, 0.00000E+00,-0.52904E-61, 0.00000E+00, 0.00000E+00, 0.78979E-61, 0.00000E+00, 0.00000E+00, 0.86739E-62, 0.00000E+00, 0.00000E+00, 0.66280E-60, 0.00000E+00, 0.00000E+00, 0.56655E-61, 0.00000E+00, 0.00000E+00,-0.17289E-60, 0.00000E+00, 0.00000E+00, 0.16558E-61, 0.00000E+00, 0.00000E+00,-0.47590E-61, 0.00000E+00,
 0.00000E+00, 0.00000E+00,-0.64511E-63, 0.00000E+00, 0.00000E+00,-0.52904E-61, 0.00000E+00, 0.00000E+00, 0.78979E-61, 0.00000E+00, 0.00000E+00, 0.86739E-62, 0.00000E+00, 0.00000E+00, 0.66280E-60, 0.00000E+00, 0.00000E+00, 0.56655E-61, 0.00000E+00, 0.00000E+00,-0.17289E-60, 0.00000E+00, 0.00000E+00, 0.16558E-61, 0.00000E+00, 0.00000E+00,-0.47590E-61,
 0.24120E-62, 0.00000E+00, 0.00000E+00,-0.83937E-61, 0.00000E+00, 0.00000E+00, 0.21755E-60, 0.00000E+00, 0.00000E+00, 0.62077E-62, 0.00000E+00, 0.00000E+00,-0.60195E-60, 0.00000E+00, 0.00000E+00, 0.98027E-61, 0.00000E+00, 0.00000E+00,-0.13510E-59, 0.00000E+00, 0.00000E+00, 0.23900E-61, 0.00000E+00, 0.00000E+00,-0.54521E-61, 0.00000E+00, 0.00000E+00,
 0.00000E+00, 0.24120E-62, 0.00000E+00, 0.00000E+00,-0.83937E-61, 0.00000E+00, 0.00000E+00, 0.21755E-60, 0.00000E+00, 0.00000E+00, 0.62077E-62, 0.00000E+00, 0.00000E+00,-0.60195E-60, 0.00000E+00, 0.00000E+00, 0.98027E-61, 0.00000E+00, 0.00000E+00,-0.13510E-59, 0.00000E+00, 0.00000E+00, 0.23900E-61, 0.00000E+00, 0.00000E+00,-0.54521E-61, 0.00000E+00,
 0.00000E+00, 0.00000E+00, 0.24120E-62, 0.00000E+00, 0.00000E+00,-0.83937E-61, 0.00000E+00, 0.00000E+00, 0.21755E-60, 0.00000E+00, 0.00000E+00, 0.62077E-62, 0.00000E+00, 0.00000E+00,-0.60195E-60, 0.00000E+00, 0.00000E+00, 0.98027E-61, 0.00000E+00, 0.00000E+00,-0.13510E-59, 0.00000E+00, 0.00000E+00, 0.23900E-61, 0.00000E+00, 0.00000E+00,-0.54521E-61,
 0.33609E-62, 0.00000E+00, 0.00000E+00,-0.49025E-61, 0.00000E+00, 0.00000E+00,-0.10131E-60, 0.00000E+00, 0.00000E+00,-0.81127E-62, 0.00000E+00, 0.00000E+00,-0.12289E-59, 0.00000E+00, 0.00000E+00, 0.58073E-62, 0.00000E+00, 0.00000E+00,-0.73527E-60, 0.00000E+00, 0.00000E+00, 0.69129E-62, 0.00000E+00, 0.00000E+00,-0.18928E-62, 0.00000E+00, 0.00000E+00,
 0.00000E+00, 0.33609E-62, 0.00000E+00, 0.00000E+00,-0.49025E-61, 0.00000E+00, 0.00000E+00,-0.10131E-60, 0.00000E+00, 0.00000E+00,-0.81127E-62, 0.00000E+00, 0.00000E+00,-0.12289E-59, 0.00000E+00, 0.00000E+00, 0.58073E-62, 0.00000E+00, 0.00000E+00,-0.73527E-60, 0.00000E+00, 0.00000E+00, 0.69129E-62, 0.00000E+00, 0.00000E+00,-0.18928E-62, 0.00000E+00,
 0.00000E+00, 0.00000E+00, 0.33609E-62, 0.00000E+00, 0.00000E+00,-0.49025E-61, 0.00000E+00, 0.00000E+00,-0.10131E-60, 0.00000E+00, 0.00000E+00,-0.81127E-62, 0.00000E+00, 0.00000E+00,-0.12289E-59, 0.00000E+00, 0.00000E+00, 0.58073E-62, 0.00000E+00, 0.00000E+00,-0.73527E-60, 0.00000E+00, 0.00000E+00, 0.69129E-62, 0.00000E+00, 0.00000E+00,-0.18928E-62,
 0.00000E+00, 0.00000E+00, 0.00000E+00, 0.00000E+00, 0.00000E+00, 0.00000E+00, 0.00000E+00, 0.00000E+00, 0.00000E+00, 0.00000E+00, 0.00000E+00, 0.00000E+00, 0.00000E+00, 0.00000E+00, 0.00000E+00, 0.00000E+00, 0.00000E+00, 0.00000E+00, 0.00000E+00, 0.00000E+00, 0.00000E+00, 0.00000E+00, 0.00000E+00, 0.00000E+00, 0.00000E+00, 0.00000E+00, 0.00000E+00,
 0.00000E+00, 0.00000E+00, 0.00000E+00, 0.00000E+00, 0.00000E+00, 0.00000E+00, 0.00000E+00, 0.00000E+00, 0.00000E+00, 0.00000E+00, 0.00000E+00, 0.00000E+00, 0.00000E+00, 0.00000E+00, 0.00000E+00, 0.00000E+00, 0.00000E+00, 0.00000E+00, 0.00000E+00, 0.00000E+00, 0.00000E+00, 0.00000E+00, 0.00000E+00, 0.00000E+00, 0.00000E+00, 0.00000E+00, 0.00000E+00,
 0.00000E+00, 0.00000E+00, 0.00000E+00, 0.00000E+00, 0.00000E+00, 0.00000E+00, 0.00000E+00, 0.00000E+00, 0.00000E+00, 0.00000E+00, 0.00000E+00, 0.00000E+00, 0.00000E+00, 0.00000E+00, 0.00000E+00, 0.00000E+00, 0.00000E+00, 0.00000E+00, 0.00000E+00, 0.00000E+00, 0.00000E+00, 0.00000E+00, 0.00000E+00, 0.00000E+00, 0.00000E+00, 0.00000E+00, 0.00000E+00,
 0.00000E+00, 0.00000E+00, 0.00000E+00, 0.00000E+00, 0.00000E+00, 0.00000E+00, 0.00000E+00, 0.00000E+00, 0.00000E+00, 0.00000E+00, 0.00000E+00, 0.00000E+00, 0.00000E+00, 0.00000E+00, 0.00000E+00, 0.00000E+00, 0.00000E+00, 0.00000E+00, 0.00000E+00, 0.00000E+00, 0.00000E+00, 0.00000E+00, 0.00000E+00, 0.00000E+00, 0.00000E+00, 0.00000E+00, 0.00000E+00,
 0.00000E+00, 0.00000E+00, 0.00000E+00, 0.00000E+00, 0.00000E+00, 0.00000E+00, 0.00000E+00, 0.00000E+00, 0.00000E+00, 0.00000E+00, 0.00000E+00, 0.00000E+00, 0.00000E+00, 0.00000E+00, 0.00000E+00, 0.00000E+00, 0.00000E+00, 0.00000E+00, 0.00000E+00, 0.00000E+00, 0.00000E+00, 0.00000E+00, 0.00000E+00, 0.00000E+00, 0.00000E+00, 0.00000E+00, 0.00000E+00,
 0.00000E+00, 0.00000E+00, 0.00000E+00, 0.00000E+00, 0.00000E+00, 0.00000E+00, 0.00000E+00, 0.00000E+00, 0.00000E+00, 0.00000E+00, 0.00000E+00, 0.00000E+00, 0.00000E+00, 0.00000E+00, 0.00000E+00, 0.00000E+00, 0.00000E+00, 0.00000E+00, 0.00000E+00, 0.00000E+00, 0.00000E+00, 0.00000E+00, 0.00000E+00, 0.00000E+00, 0.00000E+00, 0.00000E+00, 0.00000E+00,
 0.00000E+00, 0.00000E+00, 0.00000E+00, 0.00000E+00, 0.00000E+00, 0.00000E+00, 0.00000E+00, 0.00000E+00, 0.00000E+00, 0.00000E+00, 0.00000E+00, 0.00000E+00, 0.00000E+00, 0.00000E+00, 0.00000E+00, 0.00000E+00, 0.00000E+00, 0.00000E+00, 0.00000E+00, 0.00000E+00, 0.00000E+00, 0.00000E+00, 0.00000E+00, 0.00000E+00, 0.00000E+00, 0.00000E+00, 0.00000E+00,
 0.00000E+00, 0.00000E+00, 0.00000E+00, 0.00000E+00, 0.00000E+00, 0.00000E+00, 0.00000E+00, 0.00000E+00, 0.00000E+00, 0.00000E+00, 0.00000E+00, 0.00000E+00, 0.00000E+00, 0.00000E+00, 0.00000E+00, 0.00000E+00, 0.00000E+00, 0.00000E+00, 0.00000E+00, 0.00000E+00, 0.00000E+00, 0.00000E+00, 0.00000E+00, 0.00000E+00, 0.00000E+00, 0.00000E+00, 0.00000E+00,
 0.00000E+00, 0.00000E+00, 0.00000E+00, 0.00000E+00, 0.00000E+00, 0.00000E+00, 0.00000E+00, 0.00000E+00, 0.00000E+00, 0.00000E+00, 0.00000E+00, 0.00000E+00, 0.00000E+00, 0.00000E+00, 0.00000E+00, 0.00000E+00, 0.00000E+00, 0.00000E+00, 0.00000E+00, 0.00000E+00, 0.00000E+00, 0.00000E+00, 0.00000E+00, 0.00000E+00, 0.00000E+00, 0.00000E+00, 0.00000E+00,
 0.00000E+00, 0.00000E+00, 0.00000E+00, 0.00000E+00, 0.00000E+00, 0.00000E+00, 0.00000E+00, 0.00000E+00, 0.00000E+00, 0.00000E+00, 0.00000E+00, 0.00000E+00, 0.00000E+00, 0.00000E+00, 0.00000E+00, 0.00000E+00, 0.00000E+00, 0.00000E+00, 0.00000E+00, 0.00000E+00, 0.00000E+00, 0.00000E+00, 0.00000E+00, 0.00000E+00, 0.00000E+00, 0.00000E+00, 0.00000E+00,
 0.00000E+00, 0.00000E+00, 0.00000E+00, 0.00000E+00, 0.00000E+00, 0.00000E+00, 0.00000E+00, 0.00000E+00, 0.00000E+00, 0.00000E+00, 0.00000E+00, 0.00000E+00, 0.00000E+00, 0.00000E+00, 0.00000E+00, 0.00000E+00, 0.00000E+00, 0.00000E+00, 0.00000E+00, 0.00000E+00, 0.00000E+00, 0.00000E+00, 0.00000E+00, 0.00000E+00, 0.00000E+00, 0.00000E+00, 0.00000E+00,
 0.00000E+00, 0.00000E+00, 0.00000E+00, 0.00000E+00, 0.00000E+00, 0.00000E+00, 0.00000E+00, 0.00000E+00, 0.00000E+00, 0.00000E+00, 0.00000E+00, 0.00000E+00, 0.00000E+00, 0.00000E+00, 0.00000E+00, 0.00000E+00, 0.00000E+00, 0.00000E+00, 0.00000E+00, 0.00000E+00, 0.00000E+00, 0.00000E+00, 0.00000E+00, 0.00000E+00, 0.00000E+00, 0.00000E+00, 0.00000E+00,
 0.00000E+00, 0.00000E+00, 0.00000E+00, 0.00000E+00, 0.00000E+00, 0.00000E+00, 0.00000E+00, 0.00000E+00, 0.00000E+00, 0.00000E+00, 0.00000E+00, 0.00000E+00, 0.00000E+00, 0.00000E+00, 0.00000E+00, 0.00000E+00, 0.00000E+00, 0.00000E+00, 0.00000E+00, 0.00000E+00, 0.00000E+00, 0.00000E+00, 0.00000E+00, 0.00000E+00, 0.00000E+00, 0.00000E+00, 0.00000E+00,
 0.00000E+00, 0.00000E+00, 0.00000E+00, 0.00000E+00, 0.00000E+00, 0.00000E+00, 0.00000E+00, 0.00000E+00, 0.00000E+00, 0.00000E+00, 0.00000E+00, 0.00000E+00, 0.00000E+00, 0.00000E+00, 0.00000E+00, 0.00000E+00, 0.00000E+00, 0.00000E+00, 0.00000E+00, 0.00000E+00, 0.00000E+00, 0.00000E+00, 0.00000E+00, 0.00000E+00, 0.00000E+00, 0.00000E+00, 0.00000E+00,
 0.00000E+00, 0.00000E+00, 0.00000E+00, 0.00000E+00, 0.00000E+00, 0.00000E+00, 0.00000E+00, 0.00000E+00, 0.00000E+00, 0.00000E+00, 0.00000E+00, 0.00000E+00, 0.00000E+00, 0.00000E+00, 0.00000E+00, 0.00000E+00, 0.00000E+00, 0.00000E+00, 0.00000E+00, 0.00000E+00, 0.00000E+00, 0.00000E+00, 0.00000E+00, 0.00000E+00, 0.00000E+00, 0.00000E+00, 0.00000E+00,
 0.00000E+00, 0.00000E+00, 0.00000E+00, 0.00000E+00, 0.00000E+00, 0.00000E+00, 0.00000E+00, 0.00000E+00, 0.00000E+00, 0.00000E+00, 0.00000E+00, 0.00000E+00, 0.00000E+00, 0.00000E+00, 0.00000E+00, 0.00000E+00, 0.00000E+00, 0.00000E+00, 0.00000E+00, 0.00000E+00, 0.00000E+00, 0.00000E+00, 0.00000E+00, 0.00000E+00, 0.00000E+00, 0.00000E+00, 0.00000E+00,
 0.00000E+00, 0.00000E+00, 0.00000E+00, 0.00000E+00, 0.00000E+00, 0.00000E+00, 0.00000E+00, 0.00000E+00, 0.00000E+00, 0.00000E+00, 0.00000E+00, 0.00000E+00, 0.00000E+00, 0.00000E+00, 0.00000E+00, 0.00000E+00, 0.00000E+00, 0.00000E+00, 0.00000E+00, 0.00000E+00, 0.00000E+00, 0.00000E+00, 0.00000E+00, 0.00000E+00, 0.00000E+00, 0.00000E+00, 0.00000E+00,
 0.00000E+00, 0.00000E+00, 0.00000E+00, 0.00000E+00, 0.00000E+00, 0.00000E+00, 0.00000E+00, 0.00000E+00, 0.00000E+00, 0.00000E+00, 0.00000E+00, 0.00000E+00, 0.00000E+00, 0.00000E+00, 0.00000E+00, 0.00000E+00, 0.00000E+00, 0.00000E+00, 0.00000E+00, 0.00000E+00, 0.00000E+00, 0.00000E+00, 0.00000E+00, 0.00000E+00, 0.00000E+00, 0.00000E+00, 0.00000E+00,
 0.00000E+00, 0.00000E+00, 0.00000E+00, 0.00000E+00, 0.00000E+00, 0.00000E+00, 0.00000E+00, 0.00000E+00, 0.00000E+00, 0.00000E+00, 0.00000E+00, 0.00000E+00, 0.00000E+00, 0.00000E+00, 0.00000E+00, 0.00000E+00, 0.00000E+00, 0.00000E+00, 0.00000E+00, 0.00000E+00, 0.00000E+00, 0.00000E+00, 0.00000E+00, 0.00000E+00, 0.00000E+00, 0.00000E+00, 0.00000E+00,
 0.00000E+00, 0.00000E+00, 0.00000E+00, 0.00000E+00, 0.00000E+00, 0.00000E+00, 0.00000E+00, 0.00000E+00, 0.00000E+00, 0.00000E+00, 0.00000E+00, 0.00000E+00, 0.00000E+00, 0.00000E+00, 0.00000E+00, 0.00000E+00, 0.00000E+00, 0.00000E+00, 0.00000E+00, 0.00000E+00, 0.00000E+00, 0.00000E+00, 0.00000E+00, 0.00000E+00, 0.00000E+00, 0.00000E+00, 0.00000E+00,
 0.00000E+00, 0.00000E+00, 0.00000E+00, 0.00000E+00, 0.00000E+00, 0.00000E+00, 0.00000E+00, 0.00000E+00, 0.00000E+00, 0.00000E+00, 0.00000E+00, 0.00000E+00, 0.00000E+00, 0.00000E+00, 0.00000E+00, 0.00000E+00, 0.00000E+00, 0.00000E+00, 0.00000E+00, 0.00000E+00, 0.00000E+00, 0.00000E+00, 0.00000E+00, 0.00000E+00, 0.00000E+00, 0.00000E+00, 0.00000E+00,
 0.00000E+00, 0.00000E+00, 0.00000E+00, 0.00000E+00, 0.00000E+00, 0.00000E+00, 0.00000E+00, 0.00000E+00, 0.00000E+00, 0.00000E+00, 0.00000E+00, 0.00000E+00, 0.00000E+00, 0.00000E+00, 0.00000E+00, 0.00000E+00, 0.00000E+00, 0.00000E+00, 0.00000E+00, 0.00000E+00, 0.00000E+00, 0.00000E+00, 0.00000E+00, 0.00000E+00, 0.00000E+00, 0.00000E+00, 0.00000E+00,
 0.00000E+00, 0.00000E+00, 0.00000E+00, 0.00000E+00, 0.00000E+00, 0.00000E+00, 0.00000E+00, 0.00000E+00, 0.00000E+00, 0.00000E+00, 0.00000E+00, 0.00000E+00, 0.00000E+00, 0.00000E+00, 0.00000E+00, 0.00000E+00, 0.00000E+00, 0.00000E+00, 0.00000E+00, 0.00000E+00, 0.00000E+00, 0.00000E+00, 0.00000E+00, 0.00000E+00, 0.00000E+00, 0.00000E+00, 0.00000E+00,
 0.00000E+00, 0.00000E+00, 0.00000E+00, 0.00000E+00, 0.00000E+00, 0.00000E+00, 0.00000E+00, 0.00000E+00, 0.00000E+00, 0.00000E+00, 0.00000E+00, 0.00000E+00, 0.00000E+00, 0.00000E+00, 0.00000E+00, 0.00000E+00, 0.00000E+00, 0.00000E+00, 0.00000E+00, 0.00000E+00, 0.00000E+00, 0.00000E+00, 0.00000E+00, 0.00000E+00, 0.00000E+00, 0.00000E+00, 0.00000E+00,
 0.00000E+00, 0.00000E+00, 0.00000E+00, 0.00000E+00, 0.00000E+00, 0.00000E+00, 0.00000E+00, 0.00000E+00, 0.00000E+00, 0.00000E+00, 0.00000E+00, 0.00000E+00, 0.00000E+00, 0.00000E+00, 0.00000E+00, 0.00000E+00, 0.00000E+00, 0.00000E+00, 0.00000E+00, 0.00000E+00, 0.00000E+00, 0.00000E+00, 0.00000E+00, 0.00000E+00, 0.00000E+00, 0.00000E+00, 0.00000E+00,
 0.00000E+00, 0.00000E+00, 0.00000E+00, 0.00000E+00, 0.00000E+00, 0.00000E+00, 0.00000E+00, 0.00000E+00, 0.00000E+00, 0.00000E+00, 0.00000E+00, 0.00000E+00, 0.00000E+00, 0.00000E+00, 0.00000E+00, 0.00000E+00, 0.00000E+00, 0.00000E+00, 0.00000E+00, 0.00000E+00, 0.00000E+00, 0.00000E+00, 0.00000E+00, 0.00000E+00, 0.00000E+00, 0.00000E+00, 0.00000E+00,
 0.00000E+00, 0.00000E+00, 0.00000E+00, 0.00000E+00, 0.00000E+00, 0.00000E+00, 0.00000E+00, 0.00000E+00, 0.00000E+00, 0.00000E+00, 0.00000E+00, 0.00000E+00, 0.00000E+00, 0.00000E+00, 0.00000E+00, 0.00000E+00, 0.00000E+00, 0.00000E+00, 0.00000E+00, 0.00000E+00, 0.00000E+00, 0.00000E+00, 0.00000E+00, 0.00000E+00, 0.00000E+00, 0.00000E+00, 0.00000E+00,
 0.00000E+00, 0.00000E+00, 0.00000E+00, 0.00000E+00, 0.00000E+00, 0.00000E+00, 0.00000E+00, 0.00000E+00, 0.00000E+00, 0.00000E+00, 0.00000E+00, 0.00000E+00, 0.00000E+00, 0.00000E+00, 0.00000E+00, 0.00000E+00, 0.00000E+00, 0.00000E+00, 0.00000E+00, 0.00000E+00, 0.00000E+00, 0.00000E+00, 0.00000E+00, 0.00000E+00, 0.00000E+00, 0.00000E+00, 0.00000E+00,
 0.00000E+00, 0.00000E+00, 0.00000E+00, 0.00000E+00, 0.00000E+00, 0.00000E+00, 0.00000E+00, 0.00000E+00, 0.00000E+00, 0.00000E+00, 0.00000E+00, 0.00000E+00, 0.00000E+00, 0.00000E+00, 0.00000E+00, 0.00000E+00, 0.00000E+00, 0.00000E+00, 0.00000E+00, 0.00000E+00, 0.00000E+00, 0.00000E+00, 0.00000E+00, 0.00000E+00, 0.00000E+00, 0.00000E+00, 0.00000E+00,
 0.00000E+00, 0.00000E+00, 0.00000E+00, 0.00000E+00, 0.00000E+00, 0.00000E+00, 0.00000E+00, 0.00000E+00, 0.00000E+00, 0.00000E+00, 0.00000E+00, 0.00000E+00, 0.00000E+00, 0.00000E+00, 0.00000E+00, 0.00000E+00, 0.00000E+00, 0.00000E+00, 0.00000E+00, 0.00000E+00, 0.00000E+00, 0.00000E+00, 0.00000E+00, 0.00000E+00, 0.00000E+00, 0.00000E+00, 0.00000E+00,
 0.00000E+00, 0.00000E+00, 0.00000E+00, 0.00000E+00, 0.00000E+00, 0.00000E+00, 0.00000E+00, 0.00000E+00, 0.00000E+00, 0.00000E+00, 0.00000E+00, 0.00000E+00, 0.00000E+00, 0.00000E+00, 0.00000E+00, 0.00000E+00, 0.00000E+00, 0.00000E+00, 0.00000E+00, 0.00000E+00, 0.00000E+00, 0.00000E+00, 0.00000E+00, 0.00000E+00, 0.00000E+00, 0.00000E+00, 0.00000E+00,
 0.00000E+00, 0.00000E+00, 0.00000E+00, 0.00000E+00, 0.00000E+00, 0.00000E+00, 0.00000E+00, 0.00000E+00, 0.00000E+00, 0.00000E+00, 0.00000E+00, 0.00000E+00, 0.00000E+00, 0.00000E+00, 0.00000E+00, 0.00000E+00, 0.00000E+00, 0.00000E+00, 0.00000E+00, 0.00000E+00, 0.00000E+00, 0.00000E+00, 0.00000E+00, 0.00000E+00, 0.00000E+00, 0.00000E+00, 0.00000E+00,
 0.00000E+00, 0.00000E+00, 0.00000E+00, 0.00000E+00, 0.00000E+00, 0.00000E+00, 0.00000E+00, 0.00000E+00, 0.00000E+00, 0.00000E+00, 0.00000E+00, 0.00000E+00, 0.00000E+00, 0.00000E+00, 0.00000E+00, 0.00000E+00, 0.00000E+00, 0.00000E+00, 0.00000E+00, 0.00000E+00, 0.00000E+00, 0.00000E+00, 0.00000E+00, 0.00000E+00, 0.00000E+00, 0.00000E+00, 0.00000E+00,
 0.00000E+00, 0.00000E+00, 0.00000E+00, 0.00000E+00, 0.00000E+00, 0.00000E+00, 0.00000E+00, 0.00000E+00, 0.00000E+00, 0.00000E+00, 0.00000E+00, 0.00000E+00, 0.00000E+00, 0.00000E+00, 0.00000E+00, 0.00000E+00, 0.00000E+00, 0.00000E+00, 0.00000E+00, 0.00000E+00, 0.00000E+00, 0.00000E+00, 0.00000E+00, 0.00000E+00, 0.00000E+00, 0.00000E+00, 0.00000E+00,
 0.00000E+00, 0.00000E+00, 0.00000E+00, 0.00000E+00, 0.00000E+00, 0.00000E+00, 0.00000E+00, 0.00000E+00, 0.00000E+00, 0.00000E+00, 0.00000E+00, 0.00000E+00, 0.00000E+00, 0.00000E+00, 0.00000E+00, 0.00000E+00, 0.00000E+00, 0.00000E+00, 0.00000E+00, 0.00000E+00, 0.00000E+00, 0.00000E+00, 0.00000E+00, 0.00000E+00, 0.00000E+00, 0.00000E+00, 0.00000E+00,
 0.00000E+00, 0.00000E+00, 0.00000E+00, 0.00000E+00, 0.00000E+00, 0.00000E+00, 0.00000E+00, 0.00000E+00, 0.00000E+00, 0.00000E+00, 0.00000E+00, 0.00000E+00, 0.00000E+00, 0.00000E+00, 0.00000E+00, 0.00000E+00, 0.00000E+00, 0.00000E+00, 0.00000E+00, 0.00000E+00, 0.00000E+00, 0.00000E+00, 0.00000E+00, 0.00000E+00, 0.00000E+00, 0.00000E+00, 0.00000E+00,
 0.00000E+00, 0.00000E+00, 0.00000E+00, 0.00000E+00, 0.00000E+00, 0.00000E+00, 0.00000E+00, 0.00000E+00, 0.00000E+00, 0.00000E+00, 0.00000E+00, 0.00000E+00, 0.00000E+00, 0.00000E+00, 0.00000E+00, 0.00000E+00, 0.00000E+00, 0.00000E+00, 0.00000E+00, 0.00000E+00, 0.00000E+00, 0.00000E+00, 0.00000E+00, 0.00000E+00, 0.00000E+00, 0.00000E+00, 0.00000E+00,
 0.00000E+00, 0.00000E+00, 0.00000E+00, 0.00000E+00, 0.00000E+00, 0.00000E+00, 0.00000E+00, 0.00000E+00, 0.00000E+00, 0.00000E+00, 0.00000E+00, 0.00000E+00, 0.00000E+00, 0.00000E+00, 0.00000E+00, 0.00000E+00, 0.00000E+00, 0.00000E+00, 0.00000E+00, 0.00000E+00, 0.00000E+00, 0.00000E+00, 0.00000E+00, 0.00000E+00, 0.00000E+00, 0.00000E+00, 0.00000E+00,
 0.00000E+00, 0.00000E+00, 0.00000E+00, 0.00000E+00, 0.00000E+00, 0.00000E+00, 0.00000E+00, 0.00000E+00, 0.00000E+00, 0.00000E+00, 0.00000E+00, 0.00000E+00, 0.00000E+00, 0.00000E+00, 0.00000E+00, 0.00000E+00, 0.00000E+00, 0.00000E+00, 0.00000E+00, 0.00000E+00, 0.00000E+00, 0.00000E+00, 0.00000E+00, 0.00000E+00, 0.00000E+00, 0.00000E+00, 0.00000E+00,
 0.00000E+00, 0.00000E+00, 0.00000E+00, 0.00000E+00, 0.00000E+00, 0.00000E+00, 0.00000E+00, 0.00000E+00, 0.00000E+00, 0.00000E+00, 0.00000E+00, 0.00000E+00, 0.00000E+00, 0.00000E+00, 0.00000E+00, 0.00000E+00, 0.00000E+00, 0.00000E+00, 0.00000E+00, 0.00000E+00, 0.00000E+00, 0.00000E+00, 0.00000E+00, 0.00000E+00, 0.00000E+00, 0.00000E+00, 0.00000E+00,
 0.00000E+00, 0.00000E+00, 0.00000E+00, 0.00000E+00, 0.00000E+00, 0.00000E+00, 0.00000E+00, 0.00000E+00, 0.00000E+00, 0.00000E+00, 0.00000E+00, 0.00000E+00, 0.00000E+00, 0.00000E+00, 0.00000E+00, 0.00000E+00, 0.00000E+00, 0.00000E+00, 0.00000E+00, 0.00000E+00, 0.00000E+00, 0.00000E+00, 0.00000E+00, 0.00000E+00, 0.00000E+00, 0.00000E+00, 0.00000E+00,
 0.00000E+00, 0.00000E+00, 0.00000E+00, 0.00000E+00, 0.00000E+00, 0.00000E+00, 0.00000E+00, 0.00000E+00, 0.00000E+00, 0.00000E+00, 0.00000E+00, 0.00000E+00, 0.00000E+00, 0.00000E+00, 0.00000E+00, 0.00000E+00, 0.00000E+00, 0.00000E+00, 0.00000E+00, 0.00000E+00, 0.00000E+00, 0.00000E+00, 0.00000E+00, 0.00000E+00, 0.00000E+00, 0.00000E+00, 0.00000E+00,
 0.00000E+00, 0.00000E+00, 0.00000E+00, 0.00000E+00, 0.00000E+00, 0.00000E+00, 0.00000E+00, 0.00000E+00, 0.00000E+00, 0.00000E+00, 0.00000E+00, 0.00000E+00, 0.00000E+00, 0.00000E+00, 0.00000E+00, 0.00000E+00, 0.00000E+00, 0.00000E+00, 0.00000E+00, 0.00000E+00, 0.00000E+00, 0.00000E+00, 0.00000E+00, 0.00000E+00, 0.00000E+00, 0.00000E+00, 0.00000E+00,
 0.00000E+00, 0.00000E+00, 0.00000E+00, 0.00000E+00, 0.00000E+00, 0.00000E+00, 0.00000E+00, 0.00000E+00, 0.00000E+00, 0.00000E+00, 0.00000E+00, 0.00000E+00, 0.00000E+00, 0.00000E+00, 0.00000E+00, 0.00000E+00, 0.00000E+00, 0.00000E+00, 0.00000E+00, 0.00000E+00, 0.00000E+00, 0.00000E+00, 0.00000E+00, 0.00000E+00, 0.00000E+00, 0.00000E+00, 0.00000E+00,
 0.00000E+00, 0.00000E+00, 0.00000E+00, 0.00000E+00, 0.00000E+00, 0.00000E+00, 0.00000E+00, 0.00000E+00, 0.00000E+00, 0.00000E+00, 0.00000E+00, 0.00000E+00, 0.00000E+00, 0.00000E+00, 0.00000E+00, 0.00000E+00, 0.00000E+00, 0.00000E+00, 0.00000E+00, 0.00000E+00, 0.00000E+00, 0.00000E+00, 0.00000E+00, 0.00000E+00, 0.00000E+00, 0.00000E+00, 0.00000E+00,
 0.00000E+00, 0.00000E+00, 0.00000E+00, 0.00000E+00, 0.00000E+00, 0.00000E+00, 0.00000E+00, 0.00000E+00, 0.00000E+00, 0.00000E+00, 0.00000E+00, 0.00000E+00, 0.00000E+00, 0.00000E+00, 0.00000E+00, 0.00000E+00, 0.00000E+00, 0.00000E+00, 0.00000E+00, 0.00000E+00, 0.00000E+00, 0.00000E+00, 0.00000E+00, 0.00000E+00, 0.00000E+00, 0.00000E+00, 0.00000E+00,
 0.00000E+00, 0.00000E+00, 0.00000E+00, 0.00000E+00, 0.00000E+00, 0.00000E+00, 0.00000E+00, 0.00000E+00, 0.00000E+00, 0.00000E+00, 0.00000E+00, 0.00000E+00, 0.00000E+00, 0.00000E+00, 0.00000E+00, 0.00000E+00, 0.00000E+00, 0.00000E+00, 0.00000E+00, 0.00000E+00, 0.00000E+00, 0.00000E+00, 0.00000E+00, 0.00000E+00, 0.00000E+00, 0.00000E+00, 0.00000E+00,
 0.00000E+00, 0.00000E+00, 0.00000E+00, 0.00000E+00, 0.00000E+00, 0.00000E+00, 0.00000E+00, 0.00000E+00, 0.00000E+00, 0.00000E+00, 0.00000E+00, 0.00000E+00, 0.00000E+00, 0.00000E+00, 0.00000E+00, 0.00000E+00, 0.00000E+00, 0.00000E+00, 0.00000E+00, 0.00000E+00, 0.00000E+00, 0.00000E+00, 0.00000E+00, 0.00000E+00, 0.00000E+00, 0.00000E+00, 0.00000E+00,
 0.00000E+00, 0.00000E+00, 0.00000E+00, 0.00000E+00, 0.00000E+00, 0.00000E+00, 0.00000E+00, 0.00000E+00, 0.00000E+00, 0.00000E+00, 0.00000E+00, 0.00000E+00, 0.00000E+00, 0.00000E+00, 0.00000E+00, 0.00000E+00, 0.00000E+00, 0.00000E+00, 0.00000E+00, 0.00000E+00, 0.00000E+00, 0.00000E+00, 0.00000E+00, 0.00000E+00, 0.00000E+00, 0.00000E+00, 0.00000E+00,
 0.00000E+00, 0.00000E+00, 0.00000E+00, 0.00000E+00, 0.00000E+00, 0.00000E+00, 0.00000E+00, 0.00000E+00, 0.00000E+00, 0.00000E+00, 0.00000E+00, 0.00000E+00, 0.00000E+00, 0.00000E+00, 0.00000E+00, 0.00000E+00, 0.00000E+00, 0.00000E+00, 0.00000E+00, 0.00000E+00, 0.00000E+00, 0.00000E+00, 0.00000E+00, 0.00000E+00, 0.00000E+00, 0.00000E+00, 0.00000E+00,
 0.00000E+00, 0.00000E+00, 0.00000E+00, 0.00000E+00, 0.00000E+00, 0.00000E+00, 0.00000E+00, 0.00000E+00, 0.00000E+00, 0.00000E+00, 0.00000E+00, 0.00000E+00, 0.00000E+00, 0.00000E+00, 0.00000E+00, 0.00000E+00, 0.00000E+00, 0.00000E+00, 0.00000E+00, 0.00000E+00, 0.00000E+00, 0.00000E+00, 0.00000E+00, 0.00000E+00, 0.00000E+00, 0.00000E+00, 0.00000E+00,
 0.00000E+00, 0.00000E+00, 0.00000E+00, 0.00000E+00, 0.00000E+00, 0.00000E+00, 0.00000E+00, 0.00000E+00, 0.00000E+00, 0.00000E+00, 0.00000E+00, 0.00000E+00, 0.00000E+00, 0.00000E+00, 0.00000E+00, 0.00000E+00, 0.00000E+00, 0.00000E+00, 0.00000E+00, 0.00000E+00, 0.00000E+00, 0.00000E+00, 0.00000E+00, 0.00000E+00, 0.00000E+00, 0.00000E+00, 0.00000E+00,
 0.00000E+00, 0.00000E+00, 0.00000E+00, 0.00000E+00, 0.00000E+00, 0.00000E+00, 0.00000E+00, 0.00000E+00, 0.00000E+00, 0.00000E+00, 0.00000E+00, 0.00000E+00, 0.00000E+00, 0.00000E+00, 0.00000E+00, 0.00000E+00, 0.00000E+00, 0.00000E+00, 0.00000E+00, 0.00000E+00, 0.00000E+00, 0.00000E+00, 0.00000E+00, 0.00000E+00, 0.00000E+00, 0.00000E+00, 0.00000E+00,
 0.00000E+00, 0.00000E+00, 0.00000E+00, 0.00000E+00, 0.00000E+00, 0.00000E+00, 0.00000E+00, 0.00000E+00, 0.00000E+00, 0.00000E+00, 0.00000E+00, 0.00000E+00, 0.00000E+00, 0.00000E+00, 0.00000E+00, 0.00000E+00, 0.00000E+00, 0.00000E+00, 0.00000E+00, 0.00000E+00, 0.00000E+00, 0.00000E+00, 0.00000E+00, 0.00000E+00, 0.00000E+00, 0.00000E+00, 0.00000E+00,
 0.00000E+00, 0.00000E+00, 0.00000E+00, 0.00000E+00, 0.00000E+00, 0.00000E+00, 0.00000E+00, 0.00000E+00, 0.00000E+00, 0.00000E+00, 0.00000E+00, 0.00000E+00, 0.00000E+00, 0.00000E+00, 0.00000E+00, 0.00000E+00, 0.00000E+00, 0.00000E+00, 0.00000E+00, 0.00000E+00, 0.00000E+00, 0.00000E+00, 0.00000E+00, 0.00000E+00, 0.00000E+00, 0.00000E+00, 0.00000E+00,
 0.00000E+00, 0.00000E+00, 0.00000E+00, 0.00000E+00, 0.00000E+00, 0.00000E+00, 0.00000E+00, 0.00000E+00, 0.00000E+00, 0.00000E+00, 0.00000E+00, 0.00000E+00, 0.00000E+00, 0.00000E+00, 0.00000E+00, 0.00000E+00, 0.00000E+00, 0.00000E+00, 0.00000E+00, 0.00000E+00, 0.00000E+00, 0.00000E+00, 0.00000E+00, 0.00000E+00, 0.00000E+00, 0.00000E+00, 0.00000E+00,
 0.00000E+00, 0.00000E+00, 0.00000E+00, 0.00000E+00, 0.00000E+00, 0.00000E+00, 0.00000E+00, 0.00000E+00, 0.00000E+00, 0.00000E+00, 0.00000E+00, 0.00000E+00, 0.00000E+00, 0.00000E+00, 0.00000E+00, 0.00000E+00, 0.00000E+00, 0.00000E+00, 0.00000E+00, 0.00000E+00, 0.00000E+00, 0.00000E+00, 0.00000E+00, 0.00000E+00, 0.00000E+00, 0.00000E+00, 0.00000E+00,
 0.00000E+00, 0.00000E+00, 0.00000E+00, 0.00000E+00, 0.00000E+00, 0.00000E+00, 0.00000E+00, 0.00000E+00, 0.00000E+00, 0.00000E+00, 0.00000E+00, 0.00000E+00, 0.00000E+00, 0.00000E+00, 0.00000E+00, 0.00000E+00, 0.00000E+00, 0.00000E+00, 0.00000E+00, 0.00000E+00, 0.00000E+00, 0.00000E+00, 0.00000E+00, 0.00000E+00, 0.00000E+00, 0.00000E+00, 0.00000E+00,
 0.00000E+00, 0.00000E+00, 0.00000E+00, 0.00000E+00, 0.00000E+00, 0.00000E+00, 0.00000E+00, 0.00000E+00, 0.00000E+00, 0.00000E+00, 0.00000E+00, 0.00000E+00, 0.00000E+00, 0.00000E+00, 0.00000E+00, 0.00000E+00, 0.00000E+00, 0.00000E+00, 0.00000E+00, 0.00000E+00, 0.00000E+00, 0.00000E+00, 0.00000E+00, 0.00000E+00, 0.00000E+00, 0.00000E+00, 0.00000E+00,
 0.00000E+00, 0.00000E+00, 0.00000E+00, 0.00000E+00, 0.00000E+00, 0.00000E+00, 0.00000E+00, 0.00000E+00, 0.00000E+00, 0.00000E+00, 0.00000E+00, 0.00000E+00, 0.00000E+00, 0.00000E+00, 0.00000E+00, 0.00000E+00, 0.00000E+00, 0.00000E+00, 0.00000E+00, 0.00000E+00, 0.00000E+00, 0.00000E+00, 0.00000E+00, 0.00000E+00, 0.00000E+00, 0.00000E+00, 0.00000E+00,
 0.00000E+00, 0.00000E+00, 0.00000E+00, 0.00000E+00, 0.00000E+00, 0.00000E+00, 0.00000E+00, 0.00000E+00, 0.00000E+00, 0.00000E+00, 0.00000E+00, 0.00000E+00, 0.00000E+00, 0.00000E+00, 0.00000E+00, 0.00000E+00, 0.00000E+00, 0.00000E+00, 0.00000E+00, 0.00000E+00, 0.00000E+00, 0.00000E+00, 0.00000E+00, 0.00000E+00, 0.00000E+00, 0.00000E+00, 0.00000E+00,
 0.00000E+00, 0.00000E+00, 0.00000E+00, 0.00000E+00, 0.00000E+00, 0.00000E+00, 0.00000E+00, 0.00000E+00, 0.00000E+00, 0.00000E+00, 0.00000E+00, 0.00000E+00, 0.00000E+00, 0.00000E+00, 0.00000E+00, 0.00000E+00, 0.00000E+00, 0.00000E+00, 0.00000E+00, 0.00000E+00, 0.00000E+00, 0.00000E+00, 0.00000E+00, 0.00000E+00, 0.00000E+00, 0.00000E+00, 0.00000E+00,
 0.00000E+00, 0.00000E+00, 0.00000E+00, 0.00000E+00, 0.00000E+00, 0.00000E+00, 0.00000E+00, 0.00000E+00, 0.00000E+00, 0.00000E+00, 0.00000E+00, 0.00000E+00, 0.00000E+00, 0.00000E+00, 0.00000E+00, 0.00000E+00, 0.00000E+00, 0.00000E+00, 0.00000E+00, 0.00000E+00, 0.00000E+00, 0.00000E+00, 0.00000E+00, 0.00000E+00, 0.00000E+00, 0.00000E+00, 0.00000E+00,
 0.00000E+00, 0.00000E+00, 0.00000E+00, 0.00000E+00, 0.00000E+00, 0.00000E+00, 0.00000E+00, 0.00000E+00, 0.00000E+00, 0.00000E+00, 0.00000E+00, 0.00000E+00, 0.00000E+00, 0.00000E+00, 0.00000E+00, 0.00000E+00, 0.00000E+00, 0.00000E+00, 0.00000E+00, 0.00000E+00, 0.00000E+00, 0.00000E+00, 0.00000E+00, 0.00000E+00, 0.00000E+00, 0.00000E+00, 0.00000E+00,
 0.00000E+00, 0.00000E+00, 0.00000E+00, 0.00000E+00, 0.00000E+00, 0.00000E+00, 0.00000E+00, 0.00000E+00, 0.00000E+00, 0.00000E+00, 0.00000E+00, 0.00000E+00, 0.00000E+00, 0.00000E+00, 0.00000E+00, 0.00000E+00, 0.00000E+00, 0.00000E+00, 0.00000E+00, 0.00000E+00, 0.00000E+00, 0.00000E+00, 0.00000E+00, 0.00000E+00, 0.00000E+00, 0.00000E+00, 0.00000E+00,
 0.00000E+00, 0.00000E+00, 0.00000E+00, 0.00000E+00, 0.00000E+00, 0.00000E+00, 0.00000E+00, 0.00000E+00, 0.00000E+00, 0.00000E+00, 0.00000E+00, 0.00000E+00, 0.00000E+00, 0.00000E+00, 0.00000E+00, 0.00000E+00, 0.00000E+00, 0.00000E+00, 0.00000E+00, 0.00000E+00, 0.00000E+00, 0.00000E+00, 0.00000E+00, 0.00000E+00, 0.00000E+00, 0.00000E+00, 0.00000E+00,
 0.00000E+00, 0.00000E+00, 0.00000E+00, 0.00000E+00, 0.00000E+00, 0.00000E+00, 0.00000E+00, 0.00000E+00, 0.00000E+00, 0.00000E+00, 0.00000E+00, 0.00000E+00, 0.00000E+00, 0.00000E+00, 0.00000E+00, 0.00000E+00, 0.00000E+00, 0.00000E+00, 0.00000E+00, 0.00000E+00, 0.00000E+00, 0.00000E+00, 0.00000E+00, 0.00000E+00, 0.00000E+00, 0.00000E+00, 0.00000E+00,
 0.00000E+00, 0.00000E+00, 0.00000E+00, 0.00000E+00, 0.00000E+00, 0.00000E+00, 0.00000E+00, 0.00000E+00, 0.00000E+00, 0.00000E+00, 0.00000E+00, 0.00000E+00, 0.00000E+00, 0.00000E+00, 0.00000E+00, 0.00000E+00, 0.00000E+00, 0.00000E+00, 0.00000E+00, 0.00000E+00, 0.00000E+00, 0.00000E+00, 0.00000E+00, 0.00000E+00, 0.00000E+00, 0.00000E+00, 0.00000E+00,
 0.00000E+00, 0.00000E+00, 0.00000E+00, 0.00000E+00, 0.00000E+00, 0.00000E+00, 0.00000E+00, 0.00000E+00, 0.00000E+00, 0.00000E+00, 0.00000E+00, 0.00000E+00, 0.00000E+00, 0.00000E+00, 0.00000E+00, 0.00000E+00, 0.00000E+00, 0.00000E+00, 0.00000E+00, 0.00000E+00, 0.00000E+00, 0.00000E+00, 0.00000E+00, 0.00000E+00, 0.00000E+00, 0.00000E+00, 0.00000E+00,
 0.00000E+00, 0.00000E+00, 0.00000E+00, 0.00000E+00, 0.00000E+00, 0.00000E+00, 0.00000E+00, 0.00000E+00, 0.00000E+00, 0.00000E+00, 0.00000E+00, 0.00000E+00, 0.00000E+00, 0.00000E+00, 0.00000E+00, 0.00000E+00, 0.00000E+00, 0.00000E+00, 0.00000E+00, 0.00000E+00, 0.00000E+00, 0.00000E+00, 0.00000E+00, 0.00000E+00, 0.00000E+00, 0.00000E+00, 0.00000E+00,
 0.00000E+00, 0.00000E+00, 0.00000E+00, 0.00000E+00, 0.00000E+00, 0.00000E+00, 0.00000E+00, 0.00000E+00, 0.00000E+00, 0.00000E+00, 0.00000E+00, 0.00000E+00, 0.00000E+00, 0.00000E+00, 0.00000E+00, 0.00000E+00, 0.00000E+00, 0.00000E+00, 0.00000E+00, 0.00000E+00, 0.00000E+00, 0.00000E+00, 0.00000E+00, 0.00000E+00, 0.00000E+00, 0.00000E+00, 0.00000E+00,
 0.00000E+00, 0.00000E+00, 0.00000E+00, 0.00000E+00, 0.00000E+00, 0.00000E+00, 0.00000E+00, 0.00000E+00, 0.00000E+00, 0.00000E+00, 0.00000E+00, 0.00000E+00, 0.00000E+00, 0.00000E+00, 0.00000E+00, 0.00000E+00, 0.00000E+00, 0.00000E+00, 0.00000E+00, 0.00000E+00, 0.00000E+00, 0.00000E+00, 0.00000E+00, 0.00000E+00, 0.00000E+00, 0.00000E+00, 0.00000E+00,
 0.00000E+00, 0.00000E+00, 0.00000E+00, 0.00000E+00, 0.00000E+00, 0.00000E+00, 0.00000E+00, 0.00000E+00, 0.00000E+00, 0.00000E+00, 0.00000E+00, 0.00000E+00, 0.00000E+00, 0.00000E+00, 0.00000E+00, 0.00000E+00, 0.00000E+00, 0.00000E+00, 0.00000E+00, 0.00000E+00, 0.00000E+00, 0.00000E+00, 0.00000E+00, 0.00000E+00, 0.00000E+00, 0.00000E+00, 0.00000E+00,
 0.00000E+00, 0.00000E+00, 0.00000E+00, 0.00000E+00, 0.00000E+00, 0.00000E+00, 0.00000E+00, 0.00000E+00, 0.00000E+00, 0.00000E+00, 0.00000E+00, 0.00000E+00, 0.00000E+00, 0.00000E+00, 0.00000E+00, 0.00000E+00, 0.00000E+00, 0.00000E+00, 0.00000E+00, 0.00000E+00, 0.00000E+00, 0.00000E+00, 0.00000E+00, 0.00000E+00, 0.00000E+00, 0.00000E+00, 0.00000E+00,
 0.00000E+00, 0.00000E+00, 0.00000E+00, 0.00000E+00, 0.00000E+00, 0.00000E+00, 0.00000E+00, 0.00000E+00, 0.00000E+00, 0.00000E+00, 0.00000E+00, 0.00000E+00, 0.00000E+00, 0.00000E+00, 0.00000E+00, 0.00000E+00, 0.00000E+00, 0.00000E+00, 0.00000E+00, 0.00000E+00, 0.00000E+00, 0.00000E+00, 0.00000E+00, 0.00000E+00, 0.00000E+00, 0.00000E+00, 0.00000E+00,
 0.35580E-01, 0.00000E+00, 0.00000E+00, 0.13711E+00, 0.00000E+00, 0.00000E+00, 0.28443E+01, 0.00000E+00, 0.00000E+00, 0.94925E-01, 0.00000E+00, 0.00000E+00,-0.11155E+02, 0.00000E+00, 0.00000E+00, 0.14237E+01, 0.00000E+00, 0.00000E+00,-0.14779E+02, 0.00000E+00, 0.00000E+00, 0.46064E+00, 0.00000E+00, 0.00000E+00,-0.38248E+01, 0.00000E+00, 0.00000E+00,
 0.00000E+00, 0.35580E-01, 0.00000E+00, 0.00000E+00, 0.13711E+00, 0.00000E+00, 0.00000E+00, 0.28443E+01, 0.00000E+00, 0.00000E+00, 0.94925E-01, 0.00000E+00, 0.00000E+00,-0.11155E+02, 0.00000E+00, 0.00000E+00, 0.14237E+01, 0.00000E+00, 0.00000E+00,-0.14779E+02, 0.00000E+00, 0.00000E+00, 0.46064E+00, 0.00000E+00, 0.00000E+00,-0.38248E+01, 0.00000E+00,
 0.00000E+00, 0.00000E+00, 0.35580E-01, 0.00000E+00, 0.00000E+00, 0.13711E+00, 0.00000E+00, 0.00000E+00, 0.28443E+01, 0.00000E+00, 0.00000E+00, 0.94925E-01, 0.00000E+00, 0.00000E+00,-0.11155E+02, 0.00000E+00, 0.00000E+00, 0.14237E+01, 0.00000E+00, 0.00000E+00,-0.14779E+02, 0.00000E+00, 0.00000E+00, 0.46064E+00, 0.00000E+00, 0.00000E+00,-0.38248E+01,
 0.84659E-01, 0.00000E+00, 0.00000E+00,-0.36060E+00, 0.00000E+00, 0.00000E+00, 0.72957E+00, 0.00000E+00, 0.00000E+00, 0.11001E+00, 0.00000E+00, 0.00000E+00, 0.63141E+01, 0.00000E+00, 0.00000E+00, 0.86197E+00, 0.00000E+00, 0.00000E+00, 0.42692E+01, 0.00000E+00, 0.00000E+00,-0.42010E-01, 0.00000E+00, 0.00000E+00, 0.93797E+00, 0.00000E+00, 0.00000E+00,
 0.00000E+00, 0.84659E-01, 0.00000E+00, 0.00000E+00,-0.36060E+00, 0.00000E+00, 0.00000E+00, 0.72957E+00, 0.00000E+00, 0.00000E+00, 0.11001E+00, 0.00000E+00, 0.00000E+00, 0.63141E+01, 0.00000E+00, 0.00000E+00, 0.86197E+00, 0.00000E+00, 0.00000E+00, 0.42692E+01, 0.00000E+00, 0.00000E+00,-0.42010E-01, 0.00000E+00, 0.00000E+00, 0.93797E+00, 0.00000E+00,
 0.00000E+00, 0.00000E+00, 0.84659E-01, 0.00000E+00, 0.00000E+00,-0.36060E+00, 0.00000E+00, 0.00000E+00, 0.72957E+00, 0.00000E+00, 0.00000E+00, 0.11001E+00, 0.00000E+00, 0.00000E+00, 0.63141E+01, 0.00000E+00, 0.00000E+00, 0.86197E+00, 0.00000E+00, 0.00000E+00, 0.42692E+01, 0.00000E+00, 0.00000E+00,-0.42010E-01, 0.00000E+00, 0.00000E+00, 0.93797E+00,
 0.10745E-01, 0.00000E+00, 0.00000E+00,-0.75066E+00, 0.00000E+00, 0.00000E+00,-0.11157E+01, 0.00000E+00, 0.00000E+00,-0.79733E-01, 0.00000E+00, 0.00000E+00, 0.15985E+01, 0.00000E+00, 0.00000E+00, 0.41904E+00, 0.00000E+00, 0.00000E+00, 0.18445E+01, 0.00000E+00, 0.00000E+00,-0.36389E-02, 0.00000E+00, 0.00000E+00, 0.56174E+00, 0.00000E+00, 0.00000E+00,
 0.00000E+00, 0.10745E-01, 0.00000E+00, 0.00000E+00,-0.75066E+00, 0.00000E+00, 0.00000E+00,-0.11157E+01, 0.00000E+00, 0.00000E+00,-0.79733E-01, 0.00000E+00, 0.00000E+00, 0.15985E+01, 0.00000E+00, 0.00000E+00, 0.41904E+00, 0.00000E+00, 0.00000E+00, 0.18445E+01, 0.00000E+00, 0.00000E+00,-0.36389E-02, 0.00000E+00, 0.00000E+00, 0.56174E+00, 0.00000E+00,
 0.00000E+00, 0.00000E+00, 0.10745E-01, 0.00000E+00, 0.00000E+00,-0.75066E+00, 0.00000E+00, 0.00000E+00,-0.11157E+01, 0.00000E+00, 0.00000E+00,-0.79733E-01, 0.00000E+00, 0.00000E+00, 0.15985E+01, 0.00000E+00, 0.00000E+00, 0.41904E+00, 0.00000E+00, 0.00000E+00, 0.18445E+01, 0.00000E+00, 0.00000E+00,-0.36389E-02, 0.00000E+00, 0.00000E+00, 0.56174E+00,
 0.65386E-02, 0.00000E+00, 0.00000E+00,-0.40542E+00, 0.00000E+00, 0.00000E+00,-0.53450E+00, 0.00000E+00, 0.00000E+00, 0.21250E+00, 0.00000E+00, 0.00000E+00,-0.46482E+01, 0.00000E+00, 0.00000E+00, 0.19983E-02, 0.00000E+00, 0.00000E+00, 0.13278E+01, 0.00000E+00, 0.00000E+00,-0.16469E+00, 0.00000E+00, 0.00000E+00, 0.39093E+00, 0.00000E+00, 0.00000E+00,
 0.00000E+00, 0.65386E-02, 0.00000E+00, 0.00000E+00,-0.40542E+00, 0.00000E+00, 0.00000E+00,-0.53450E+00, 0.00000E+00, 0.00000E+00, 0.21250E+00, 0.00000E+00, 0.00000E+00,-0.46482E+01, 0.00000E+00, 0.00000E+00, 0.19983E-02, 0.00000E+00, 0.00000E+00, 0.13278E+01, 0.00000E+00, 0.00000E+00,-0.16469E+00, 0.00000E+00, 0.00000E+00, 0.39093E+00, 0.00000E+00,
 0.00000E+00, 0.00000E+00, 0.65386E-02, 0.00000E+00, 0.00000E+00,-0.40542E+00, 0.00000E+00, 0.00000E+00,-0.53450E+00, 0.00000E+00, 0.00000E+00, 0.21250E+00, 0.00000E+00, 0.00000E+00,-0.46482E+01, 0.00000E+00, 0.00000E+00, 0.19983E-02, 0.00000E+00, 0.00000E+00, 0.13278E+01, 0.00000E+00, 0.00000E+00,-0.16469E+00, 0.00000E+00, 0.00000E+00, 0.39093E+00,
-0.21818E-01, 0.00000E+00, 0.00000E+00,-0.50014E+00, 0.00000E+00, 0.00000E+00,-0.10474E+01, 0.00000E+00, 0.00000E+00,-0.33974E-01, 0.00000E+00, 0.00000E+00,-0.69351E+01, 0.00000E+00, 0.00000E+00,-0.43243E+00, 0.00000E+00, 0.00000E+00,-0.98190E+01, 0.00000E+00, 0.00000E+00, 0.77313E-01, 0.00000E+00, 0.00000E+00,-0.21433E+01, 0.00000E+00, 0.00000E+00,
 0.00000E+00,-0.21818E-01, 0.00000E+00, 0.00000E+00,-0.50014E+00, 0.00000E+00, 0.00000E+00,-0.10474E+01, 0.00000E+00, 0.00000E+00,-0.33974E-01, 0.00000E+00, 0.00000E+00,-0.69351E+01, 0.00000E+00, 0.00000E+00,-0.43243E+00, 0.00000E+00, 0.00000E+00,-0.98190E+01, 0.00000E+00, 0.00000E+00, 0.77313E-01, 0.00000E+00, 0.00000E+00,-0.21433E+01, 0.00000E+00,
 0.00000E+00, 0.00000E+00,-0.21818E-01, 0.00000E+00, 0.00000E+00,-0.50014E+00, 0.00000E+00, 0.00000E+00,-0.10474E+01, 0.00000E+00, 0.00000E+00,-0.33974E-01, 0.00000E+00, 0.00000E+00,-0.69351E+01, 0.00000E+00, 0.00000E+00,-0.43243E+00, 0.00000E+00, 0.00000E+00,-0.98190E+01, 0.00000E+00, 0.00000E+00, 0.77313E-01, 0.00000E+00, 0.00000E+00,-0.21433E+01,
-0.54356E-02, 0.00000E+00, 0.00000E+00, 0.18650E+00, 0.00000E+00, 0.00000E+00, 0.38293E+00, 0.00000E+00, 0.00000E+00, 0.53851E-01, 0.00000E+00, 0.00000E+00, 0.24234E-01, 0.00000E+00, 0.00000E+00,-0.11238E+00, 0.00000E+00, 0.00000E+00, 0.14848E+01, 0.00000E+00, 0.00000E+00,-0.31402E-03, 0.00000E+00, 0.00000E+00, 0.10596E+00, 0.00000E+00, 0.00000E+00,
 0.00000E+00,-0.54356E-02, 0.00000E+00, 0.00000E+00, 0.18650E+00, 0.00000E+00, 0.00000E+00, 0.38293E+00, 0.00000E+00, 0.00000E+00, 0.53851E-01, 0.00000E+00, 0.00000E+00, 0.24234E-01, 0.00000E+00, 0.00000E+00,-0.11238E+00, 0.00000E+00, 0.00000E+00, 0.14848E+01, 0.00000E+00, 0.00000E+00,-0.31402E-03, 0.00000E+00, 0.00000E+00, 0.10596E+00, 0.00000E+00,
 0.00000E+00, 0.00000E+00,-0.54356E-02, 0.00000E+00, 0.00000E+00, 0.18650E+00, 0.00000E+00, 0.00000E+00, 0.38293E+00, 0.00000E+00, 0.00000E+00, 0.53851E-01, 0.00000E+00, 0.00000E+00, 0.24234E-01, 0.00000E+00, 0.00000E+00,-0.11238E+00, 0.00000E+00, 0.00000E+00, 0.14848E+01, 0.00000E+00, 0.00000E+00,-0.31402E-03, 0.00000E+00, 0.00000E+00, 0.10596E+00,
-0.62580E-02, 0.00000E+00, 0.00000E+00,-0.77913E-01, 0.00000E+00, 0.00000E+00, 0.16420E+01, 0.00000E+00, 0.00000E+00, 0.26363E-01, 0.00000E+00, 0.00000E+00,-0.32085E+01, 0.00000E+00, 0.00000E+00, 0.31712E+00, 0.00000E+00, 0.00000E+00,-0.40868E+01, 0.00000E+00, 0.00000E+00, 0.39774E-02, 0.00000E+00, 0.00000E+00,-0.10072E+01, 0.00000E+00, 0.00000E+00,
 0.00000E+00,-0.62580E-02, 0.00000E+00, 0.00000E+00,-0.77913E-01, 0.00000E+00, 0.00000E+00, 0.16420E+01, 0.00000E+00, 0.00000E+00, 0.26363E-01, 0.00000E+00, 0.00000E+00,-0.32085E+01, 0.00000E+00, 0.00000E+00, 0.31712E+00, 0.00000E+00, 0.00000E+00,-0.40868E+01, 0.00000E+00, 0.00000E+00, 0.39774E-02, 0.00000E+00, 0.00000E+00,-0.10072E+01, 0.00000E+00,
 0.00000E+00, 0.00000E+00,-0.62580E-02, 0.00000E+00, 0.00000E+00,-0.77913E-01, 0.00000E+00, 0.00000E+00, 0.16420E+01, 0.00000E+00, 0.00000E+00, 0.26363E-01, 0.00000E+00, 0.00000E+00,-0.32085E+01, 0.00000E+00, 0.00000E+00, 0.31712E+00, 0.00000E+00, 0.00000E+00,-0.40868E+01, 0.00000E+00, 0.00000E+00, 0.39774E-02, 0.00000E+00, 0.00000E+00,-0.10072E+01,
 0.17812E-02, 0.00000E+00, 0.00000E+00,-0.56772E+00, 0.00000E+00, 0.00000E+00, 0.77674E+00, 0.00000E+00, 0.00000E+00,-0.59148E-01, 0.00000E+00, 0.00000E+00, 0.40578E+01, 0.00000E+00, 0.00000E+00, 0.90075E+00, 0.00000E+00, 0.00000E+00,-0.22418E+01, 0.00000E+00, 0.00000E+00, 0.30566E+00, 0.00000E+00, 0.00000E+00,-0.77432E+00, 0.00000E+00, 0.00000E+00,
 0.00000E+00, 0.17812E-02, 0.00000E+00, 0.00000E+00,-0.56772E+00, 0.00000E+00, 0.00000E+00, 0.77674E+00, 0.00000E+00, 0.00000E+00,-0.59148E-01, 0.00000E+00, 0.00000E+00, 0.40578E+01, 0.00000E+00, 0.00000E+00, 0.90075E+00, 0.00000E+00, 0.00000E+00,-0.22418E+01, 0.00000E+00, 0.00000E+00, 0.30566E+00, 0.00000E+00, 0.00000E+00,-0.77432E+00, 0.00000E+00,
 0.00000E+00, 0.00000E+00, 0.17812E-02, 0.00000E+00, 0.00000E+00,-0.56772E+00, 0.00000E+00, 0.00000E+00, 0.77674E+00, 0.00000E+00, 0.00000E+00,-0.59148E-01, 0.00000E+00, 0.00000E+00, 0.40578E+01, 0.00000E+00, 0.00000E+00, 0.90075E+00, 0.00000E+00, 0.00000E+00,-0.22418E+01, 0.00000E+00, 0.00000E+00, 0.30566E+00, 0.00000E+00, 0.00000E+00,-0.77432E+00,
-0.52418E-02, 0.00000E+00, 0.00000E+00, 0.34546E+00, 0.00000E+00, 0.00000E+00, 0.64286E+00, 0.00000E+00, 0.00000E+00,-0.67655E-01, 0.00000E+00, 0.00000E+00,-0.71548E+01, 0.00000E+00, 0.00000E+00,-0.12649E-01, 0.00000E+00, 0.00000E+00, 0.20622E+00, 0.00000E+00, 0.00000E+00,-0.27936E-01, 0.00000E+00, 0.00000E+00, 0.19039E+00, 0.00000E+00, 0.00000E+00,
 0.00000E+00,-0.52418E-02, 0.00000E+00, 0.00000E+00, 0.34546E+00, 0.00000E+00, 0.00000E+00, 0.64286E+00, 0.00000E+00, 0.00000E+00,-0.67655E-01, 0.00000E+00, 0.00000E+00,-0.71548E+01, 0.00000E+00, 0.00000E+00,-0.12649E-01, 0.00000E+00, 0.00000E+00, 0.20622E+00, 0.00000E+00, 0.00000E+00,-0.27936E-01, 0.00000E+00, 0.00000E+00, 0.19039E+00, 0.00000E+00,
 0.00000E+00, 0.00000E+00,-0.52418E-02, 0.00000E+00, 0.00000E+00, 0.34546E+00, 0.00000E+00, 0.00000E+00, 0.64286E+00, 0.00000E+00, 0.00000E+00,-0.67655E-01, 0.00000E+00, 0.00000E+00,-0.71548E+01, 0.00000E+00, 0.00000E+00,-0.12649E-01, 0.00000E+00, 0.00000E+00, 0.20622E+00, 0.00000E+00, 0.00000E+00,-0.27936E-01, 0.00000E+00, 0.00000E+00, 0.19039E+00,
 0.53150E-02, 0.00000E+00, 0.00000E+00, 0.22652E+00, 0.00000E+00, 0.00000E+00,-0.24473E+00, 0.00000E+00, 0.00000E+00, 0.48259E-01, 0.00000E+00, 0.00000E+00, 0.25437E+00, 0.00000E+00, 0.00000E+00,-0.33316E+00, 0.00000E+00, 0.00000E+00, 0.17003E+00, 0.00000E+00, 0.00000E+00,-0.86330E-02, 0.00000E+00, 0.00000E+00, 0.11379E+00, 0.00000E+00, 0.00000E+00,
 0.00000E+00, 0.53150E-02, 0.00000E+00, 0.00000E+00, 0.22652E+00, 0.00000E+00, 0.00000E+00,-0.24473E+00, 0.00000E+00, 0.00000E+00, 0.48259E-01, 0.00000E+00, 0.00000E+00, 0.25437E+00, 0.00000E+00, 0.00000E+00,-0.33316E+00, 0.00000E+00, 0.00000E+00, 0.17003E+00, 0.00000E+00, 0.00000E+00,-0.86330E-02, 0.00000E+00, 0.00000E+00, 0.11379E+00, 0.00000E+00,
 0.00000E+00, 0.00000E+00, 0.53150E-02, 0.00000E+00, 0.00000E+00, 0.22652E+00, 0.00000E+00, 0.00000E+00,-0.24473E+00, 0.00000E+00, 0.00000E+00, 0.48259E-01, 0.00000E+00, 0.00000E+00, 0.25437E+00, 0.00000E+00, 0.00000E+00,-0.33316E+00, 0.00000E+00, 0.00000E+00, 0.17003E+00, 0.00000E+00, 0.00000E+00,-0.86330E-02, 0.00000E+00, 0.00000E+00, 0.11379E+00,
