1

'Sphere'
0.d0 0.d0 0.d0
1.d0

1

61
  0.000000  0.000000  0.000000
  1.000000  0.000000  0.000000
  0.894427  0.447214  0.000000
  0.924658  0.194311  0.327491
  0.888925  0.218673 -0.402486
  0.736112  0.599077 -0.315032
  0.619230  0.784348  0.036766
  0.894236 -0.246334  0.373714
  0.707486  0.551874  0.441473
  0.880107 -0.233582 -0.413341
  0.916168 -0.400795 -0.000350
  0.665458  0.006852 -0.746404
  0.573332  0.457656 -0.679590
  0.409525  0.821214 -0.397361
  0.712366  0.096514  0.695140
  0.240784  0.970252 -0.025181
  0.579009 -0.451620 -0.678813
  0.605982 -0.414577  0.678905
  0.302433  0.857675  0.415846
  0.691098 -0.679646  0.245896
  0.349309  0.496986  0.794347
  0.696233 -0.674001 -0.246945
 -0.035932  0.933391 -0.357058
  0.338418 -0.215782 -0.915921
  0.153241  0.660177 -0.735312
  0.277186  0.211488 -0.937252
  0.322982 -0.055258  0.944791
  0.217290 -0.511964  0.831070
  0.346876 -0.806940 -0.478043
 -0.158833  0.977716  0.137270
  0.291174 -0.826802  0.481264
  0.124357 -0.591609 -0.796576
 -0.258388  0.724289 -0.639251
  0.341866 -0.939287 -0.029458
 -0.076642  0.289742  0.954031
 -0.487165  0.834224 -0.258342
 -0.133259  0.761769  0.633996
 -0.089182 -0.170641 -0.981289
 -0.110310 -0.257341  0.960004
 -0.066426 -0.916707 -0.394001
 -0.602127  0.760145  0.244175
 -0.152591 -0.726537  0.669970
 -0.207822  0.340429 -0.917016
 -0.451122  0.027691  0.892033
 -0.843022  0.507538 -0.178100
 -0.565787  0.456045  0.686955
 -0.379144 -0.577531 -0.722985
 -0.122236 -0.977225  0.173462
 -0.610673  0.482569 -0.627859
 -0.553685 -0.041953 -0.831669
 -0.514331 -0.410633  0.752891
 -0.895340  0.352752  0.271905
 -0.555226 -0.801687 -0.221410
 -0.562323 -0.758795  0.328668
 -0.776413 -0.000905  0.630224
 -0.811658 -0.354539 -0.464234
 -0.850660  0.112984 -0.513432
 -0.805824 -0.412069  0.425260
 -0.990134  0.003170 -0.140088
 -0.873805 -0.486261  0.003860
 -0.960943 -0.111836  0.253144
116
   1         21        9       19        1
   1         21       37       35        1
   1         36       45       41        1
   1         27       28       18        1
   1         60       54       58        1
   1         39       44       51        1
   1         55       44       46        1
   1         43       33       25        1
   1         19        9        7        1
   1         39       28       27        1
   1         28       31       18        1
   1         44       35       46        1
   1          4       15        8        1
   1         39       27       35        1
   1         50       49       43        1
   1         33       23       25        1
   1         22       11       20        1
   1          9        3        7        1
   1          8       15       18        1
   1         23       33       36        1
   1          9        4        3        1
   1         15       27       18        1
   1         47       32       40        1
   1         56       60       59        1
   1         22       34       29        1
   1         52       55       46        1
   1         32       17       29        1
   1          4        8        2        1
   1         17       22       29        1
   1         50       56       57        1
   1         48       53       40        1
   1         34       20       31        1
   1         29       34       40        1
   1          6        5       13        1
   1         28       39       42        1
   1         58       54       51        1
   1          3        4        2        1
   1         41       45       52        1
   1         38       50       43        1
   1         48       34       31        1
   1          5        6        3        1
   1         49       45       36        1
   1         16       19        7        1
   1         14        6       13        1
   1         19       16       30        1
   1         35       37       46        1
   1         54       48       42        1
   1         12       26       13        1
   1         49       50       57        1
   1         37       19       30        1
   1         59       61       52        1
   1         54       42       51        1
   1         50       38       47        1
   1         49       33       43        1
   1         21       15        9        1
   1         44       39       35        1
   1         37       30       41        1
   1         31       28       42        1
   1         45       59       52        1
   1         20       11        8        1
   1         56       59       57        1
   1         10        5        2        1
   1         23       36       30        1
   1         32       38       24        1
   1         56       50       47        1
   1         26       43       25        1
   1         48       54       53        1
   1         55       61       58        1
   1         21       27       15        1
   1         12        5       10        1
   1         59       45       57        1
   1         34       22       20        1
   1         17       32       24        1
   1         27       21       35        1
   1         37       41       46        1
   1         17       12       10        1
   1          5       12       13        1
   1         37       21       19        1
   1         26       12       24        1
   1         11       22       10        1
   1         12       17       24        1
   1         54       60       53        1
   1         53       47       40        1
   1         41       52       46        1
   1         45       49       57        1
   1          8       11        2        1
   1         38       32       47        1
   1         53       56       47        1
   1          5        3        2        1
   1         44       55       51        1
   1         23       14       25        1
   1         15        4        9        1
   1         33       49       36        1
   1          6       14        7        1
   1         61       55       52        1
   1         30       36       41        1
   1         16       23       30        1
   1         48       31       42        1
   1         60       56       53        1
   1         22       17       10        1
   1         11       10        2        1
   1         25       14       13        1
   1         38       26       24        1
   1         26       25       13        1
   1         42       39       51        1
   1         31       20       18        1
   1         60       61       59        1
   1          3        6        7        1
   1         34       48       40        1
   1         32       29       40        1
   1         20        8       18        1
   1         14       16        7        1
   1         55       58       51        1
   1         38       43       26        1
   1         61       60       58        1
   1         23       16       14        1
116
   1            2        3        4
   1            3        2        5
   1            3        5        6
   1            3        6        7
   1            2        4        8
   1            4        3        9
   1            3        7        9
   1            5        2       10
   1           10        2       11
   1            2        8       11
   1            5       10       12
   1            6        5       13
   1            5       12       13
   1            7        6       14
   1            8        4       15
   1            6       13       14
   1            7       14       16
   1           12       10       17
   1            8       15       18
   1            9        7       19
   1            7       16       19
   1           11        8       20
   1            8       18       20
   1            4        9       15
   1           21       15        9
   1           17       10       22
   1           10       11       22
   1           16       14       23
   1           12       17       24
   1           14       13       25
   1           13       12       26
   1           12       24       26
   1           18       15       27
   1           18       27       28
   1           14       25       23
   1           17       22       29
   1           15       21       27
   1           16       23       30
   1           11       20       22
   1            9       19       21
   1           13       26       25
   1           20       18       31
   1           18       28       31
   1           16       30       19
   1           24       17       32
   1           17       29       32
   1           23       25       33
   1           29       22       34
   1           27       21       35
   1           30       23       36
   1           23       33       36
   1           22       20       34
   1           19       30       37
   1           26       24       38
   1           24       32       38
   1           28       27       39
   1           29       34       40
   1           27       35       39
   1           30       36       41
   1           37       30       41
   1           35       21       37
   1           31       28       42
   1           25       26       43
   1           32       29       40
   1           21       19       37
   1           34       20       31
   1           26       38       43
   1           28       39       42
   1           33       25       43
   1           39       35       44
   1           41       36       45
   1           37       41       46
   1           38       32       47
   1           34       31       48
   1           36       33       49
   1           45       36       49
   1           33       43       49
   1           31       42       48
   1           32       40       47
   1           43       38       50
   1           49       43       50
   1           38       47       50
   1           35       37       46
   1           40       34       48
   1           42       39       51
   1           41       45       52
   1           40       48       53
   1           42       51       54
   1           47       40       53
   1           46       41       52
   1           51       39       44
   1           48       42       54
   1           46       52       55
   1           35       46       44
   1           47       53       56
   1           45       49       57
   1           49       50       57
   1           48       54       53
   1           54       51       58
   1           52       45       59
   1           45       57       59
   1           51       44       55
   1           44       46       55
   1           51       55       58
   1           50       47       56
   1           53       54       60
   1           53       60       56
   1           55       52       61
   1           58       55       61
   1           52       59       61
   1           60       54       58
   1           50       56       57
   1           57       56       59
   1           56       60       59
   1           59       60       61
   1           60       58       61
